49 1521449281 2.600000 -1.000000 -101.000000 0.000000 0.000000
49 1521449282 2.600000 -1.000000 -101.000000 0.000000 0.000000
49 1521449283 2.600000 -1.000000 -101.000000 0.000000 0.000000
49 1521449284 2.600000 -1.000000 -101.000000 0.000000 0.000000
49 1521449285 2.600000 -1.000000 -101.000000 0.000000 0.000000
49 1521449286 3.200000 -1.000000 -101.000000 0.000000 0.000000
49 1521449287 3.200000 -1.000000 -101.000000 0.000000 0.000000
49 1521449288 3.200000 -1.000000 -101.000000 0.000000 0.000000
49 1521449289 3.200000 -1.000000 -101.000000 0.000000 0.000000
49 1521449290 3.200000 -1.000000 -101.000000 0.000000 0.000000
49 1521449291 3.400000 -1.000000 -101.000000 0.000000 0.000000
49 1521449292 3.400000 -1.000000 -101.000000 0.000000 0.000000
49 1521449293 3.400000 -1.000000 -101.000000 0.000000 0.000000
49 1521449294 3.400000 -1.000000 -101.000000 0.000000 0.000000
49 1521449295 3.400000 -1.000000 -101.000000 0.000000 0.000000
49 1521449296 6.600000 -1.000000 -101.000000 0.000000 0.000000
49 1521449297 6.600000 -1.000000 -101.000000 0.000000 0.000000
49 1521449298 6.600000 -1.000000 -101.000000 0.000000 0.000000
49 1521449299 6.600000 -1.000000 -101.000000 0.000000 0.000000
49 1521449300 6.600000 -1.000000 -101.000000 0.000000 0.000000
49 1521449301 6.800000 -1.000000 -101.000000 0.000000 0.000000
49 1521449302 6.800000 -1.000000 -101.000000 0.000000 0.000000
49 1521449303 6.800000 -1.000000 -101.000000 0.000000 0.000000
49 1521449304 6.800000 -1.000000 -101.000000 0.000000 0.000000
49 1521449305 6.800000 -1.000000 -101.000000 0.000000 0.000000
49 1521449306 5.000000 -1.000000 -101.000000 0.000000 0.000000
49 1521449307 5.000000 -1.000000 -101.000000 0.000000 0.000000
49 1521449308 5.000000 -1.000000 -101.000000 0.000000 0.000000
49 1521449309 5.000000 -1.000000 -101.000000 0.000000 0.000000
49 1521449310 5.000000 -1.000000 -101.000000 0.000000 0.000000
49 1521449311 10.000000 -1.000000 -101.000000 0.000000 0.000000
49 1521449312 10.000000 -1.000000 -101.000000 0.000000 0.000000
49 1521449313 10.000000 -1.000000 -101.000000 0.000000 0.000000
49 1521449314 10.000000 -1.000000 -101.000000 0.000000 0.000000
49 1521449315 10.000000 -1.000000 -101.000000 0.000000 0.000000
49 1521449316 9.000000 -1.000000 -101.000000 0.000000 0.000000
49 1521449317 9.000000 -1.000000 -101.000000 0.000000 0.000000
49 1521449318 9.000000 -1.000000 -101.000000 0.000000 0.000000
49 1521449319 9.000000 -1.000000 -101.000000 0.000000 0.000000
49 1521449320 9.000000 -1.000000 -101.000000 0.000000 0.000000
49 1521449321 7.400000 -1.000000 -101.000000 0.000000 0.000000
49 1521449322 7.400000 -1.000000 -101.000000 0.000000 0.000000
49 1521449323 7.400000 -1.000000 -101.000000 0.000000 0.000000
49 1521449324 7.400000 -1.000000 -101.000000 0.000000 0.000000
49 1521449325 7.400000 -1.000000 -101.000000 0.000000 0.000000
49 1521449326 13.600000 -1.000000 -101.000000 0.000000 0.000000
49 1521449327 13.600000 -1.000000 -101.000000 0.000000 0.000000
49 1521449328 13.600000 -1.000000 -101.000000 0.000000 0.000000
49 1521449329 13.600000 -1.000000 -101.000000 0.000000 0.000000
49 1521449330 13.600000 -1.000000 -101.000000 0.000000 0.000000
49 1521449331 11.200000 -1.000000 -101.000000 0.000000 0.000000
49 1521449332 11.200000 -1.000000 -101.000000 0.000000 0.000000
49 1521449333 11.200000 -1.000000 -101.000000 0.000000 0.000000
49 1521449334 11.200000 -1.000000 -101.000000 0.000000 0.000000
49 1521449335 11.200000 -1.000000 -101.000000 0.000000 0.000000
49 1521449336 11.400000 -1.000000 -101.000000 0.000000 0.000000
49 1521449337 11.400000 -1.000000 -101.000000 0.000000 0.000000
49 1521449338 11.400000 -1.000000 -101.000000 0.000000 0.000000
49 1521449339 11.400000 -1.000000 -101.000000 0.000000 0.000000
49 1521449340 11.400000 -1.000000 -101.000000 0.000000 0.000000
49 1521449341 10.200000 -1.000000 -101.000000 0.000000 0.000000
49 1521449342 10.200000 -1.000000 -101.000000 0.000000 0.000000
49 1521449343 10.200000 -1.000000 -101.000000 0.000000 0.000000
49 1521449344 10.200000 -1.000000 -101.000000 0.000000 0.000000
49 1521449345 10.200000 -1.000000 -101.000000 0.000000 0.000000
49 1521449346 14.000000 -1.000000 -101.000000 0.000000 0.000000
49 1521449347 14.000000 -1.000000 -101.000000 0.000000 0.000000
49 1521449348 14.000000 -1.000000 -101.000000 0.000000 0.000000
49 1521449349 14.000000 -1.000000 -101.000000 0.000000 0.000000
49 1521449350 14.000000 -1.000000 -101.000000 0.000000 0.000000
49 1521449351 12.400000 -1.000000 -101.000000 0.000000 0.000000
49 1521449352 12.400000 -1.000000 -101.000000 0.000000 0.000000
49 1521449353 12.400000 -1.000000 -101.000000 0.000000 0.000000
49 1521449354 12.400000 -1.000000 -101.000000 0.000000 0.000000
49 1521449355 12.400000 -1.000000 -101.000000 0.000000 0.000000
49 1521449356 12.600000 -1.000000 -101.000000 0.000000 0.000000
49 1521449357 12.600000 -1.000000 -101.000000 0.000000 0.000000
49 1521449358 12.600000 -1.000000 -101.000000 0.000000 0.000000
49 1521449359 12.600000 -1.000000 -101.000000 0.000000 0.000000
49 1521449360 12.600000 -1.000000 -101.000000 0.000000 0.000000
49 1521449361 7.400000 -1.000000 -101.000000 0.000000 0.000000
49 1521449362 7.400000 -1.000000 -101.000000 0.000000 0.000000
49 1521449363 7.400000 -1.000000 -101.000000 0.000000 0.000000
49 1521449364 7.400000 -1.000000 -101.000000 0.000000 0.000000
49 1521449365 7.400000 -1.000000 -101.000000 0.000000 0.000000
49 1521449366 7.200000 -1.000000 -101.000000 0.000000 0.000000
49 1521449367 7.200000 -1.000000 -101.000000 0.000000 0.000000
49 1521449368 7.200000 -1.000000 -101.000000 0.000000 0.000000
49 1521449369 7.200000 -1.000000 -101.000000 0.000000 0.000000
49 1521449370 7.200000 -1.000000 -101.000000 0.000000 0.000000
49 1521449371 12.800000 -1.000000 -101.000000 0.000000 0.000000
49 1521449372 12.800000 -1.000000 -101.000000 0.000000 0.000000
49 1521449373 12.800000 -1.000000 -101.000000 0.000000 0.000000
49 1521449374 12.800000 -1.000000 -101.000000 0.000000 0.000000
49 1521449375 12.800000 -1.000000 -101.000000 0.000000 0.000000
49 1521449376 9.600000 -1.000000 -101.000000 0.000000 0.000000
49 1521449377 9.600000 -1.000000 -101.000000 0.000000 0.000000
49 1521449378 9.600000 -1.000000 -101.000000 0.000000 0.000000
49 1521449379 9.600000 -1.000000 -101.000000 0.000000 0.000000
49 1521449380 9.600000 -1.000000 -101.000000 0.000000 0.000000
49 1521449381 10.400000 -1.000000 -101.000000 0.000000 0.000000
49 1521449382 10.400000 -1.000000 -101.000000 0.000000 0.000000
49 1521449383 10.400000 -1.000000 -101.000000 0.000000 0.000000
49 1521449384 10.400000 -1.000000 -101.000000 0.000000 0.000000
49 1521449385 10.400000 -1.000000 -101.000000 0.000000 0.000000
49 1521449386 10.800000 -1.000000 -101.000000 0.000000 0.000000
49 1521449387 10.800000 -1.000000 -101.000000 0.000000 0.000000
49 1521449388 10.800000 -1.000000 -101.000000 0.000000 0.000000
49 1521449389 10.800000 -1.000000 -101.000000 0.000000 0.000000
49 1521449390 10.800000 -1.000000 -101.000000 0.000000 0.000000
49 1521449391 9.600000 -1.000000 -101.000000 0.000000 0.000000
49 1521449392 9.600000 -1.000000 -101.000000 0.000000 0.000000
49 1521449393 9.600000 -1.000000 -101.000000 0.000000 0.000000
49 1521449394 9.600000 -1.000000 -101.000000 0.000000 0.000000
49 1521449395 9.600000 -1.000000 -101.000000 0.000000 0.000000
49 1521449396 11.000000 -1.000000 -101.000000 0.000000 0.000000
49 1521449397 11.000000 -1.000000 -101.000000 0.000000 0.000000
49 1521449398 11.000000 -1.000000 -101.000000 0.000000 0.000000
49 1521449399 11.000000 -1.000000 -101.000000 0.000000 0.000000
49 1521449400 11.000000 -1.000000 -101.000000 0.000000 0.000000
49 1521449401 9.000000 -1.000000 -101.000000 0.000000 0.000000
49 1521449402 9.000000 -1.000000 -101.000000 0.000000 0.000000
49 1521449403 9.000000 -1.000000 -101.000000 0.000000 0.000000
49 1521449404 9.000000 -1.000000 -101.000000 0.000000 0.000000
49 1521449405 9.000000 -1.000000 -101.000000 0.000000 0.000000
49 1521449406 10.400000 -1.000000 -101.000000 0.000000 0.000000
49 1521449407 10.400000 -1.000000 -101.000000 0.000000 0.000000
49 1521449408 10.400000 -1.000000 -101.000000 0.000000 0.000000
49 1521449409 10.400000 -1.000000 -101.000000 0.000000 0.000000
49 1521449410 10.400000 -1.000000 -101.000000 0.000000 0.000000
49 1521449411 12.400000 -1.000000 -101.000000 0.000000 0.000000
49 1521449412 12.400000 -1.000000 -101.000000 0.000000 0.000000
49 1521449413 12.400000 -1.000000 -101.000000 0.000000 0.000000
49 1521449414 12.400000 -1.000000 -101.000000 0.000000 0.000000
49 1521449415 12.400000 -1.000000 -101.000000 0.000000 0.000000
49 1521449416 7.000000 -1.000000 -101.000000 0.000000 0.000000
49 1521449417 7.000000 -1.000000 -101.000000 0.000000 0.000000
49 1521449418 7.000000 -1.000000 -101.000000 0.000000 0.000000
49 1521449419 7.000000 -1.000000 -101.000000 0.000000 0.000000
49 1521449420 7.000000 -1.000000 -101.000000 0.000000 0.000000
49 1521449421 11.400000 -1.000000 -101.000000 0.000000 0.000000
49 1521449422 11.400000 -1.000000 -101.000000 0.000000 0.000000
49 1521449423 11.400000 -1.000000 -101.000000 0.000000 0.000000
49 1521449424 11.400000 -1.000000 -101.000000 0.000000 0.000000
49 1521449425 11.400000 -1.000000 -101.000000 0.000000 0.000000
49 1521449426 7.000000 -1.000000 -101.000000 0.000000 0.000000
49 1521449427 7.000000 -1.000000 -101.000000 0.000000 0.000000
49 1521449428 7.000000 -1.000000 -101.000000 0.000000 0.000000
49 1521449429 7.000000 -1.000000 -101.000000 0.000000 0.000000
49 1521449430 7.000000 -1.000000 -101.000000 0.000000 0.000000
49 1521449431 6.600000 -1.000000 -101.000000 0.000000 0.000000
49 1521449432 6.600000 -1.000000 -101.000000 0.000000 0.000000
49 1521449433 6.600000 -1.000000 -101.000000 0.000000 0.000000
49 1521449434 6.600000 -1.000000 -101.000000 0.000000 0.000000
49 1521449435 6.600000 -1.000000 -101.000000 0.000000 0.000000
49 1521449436 6.000000 -1.000000 -101.000000 0.000000 0.000000
49 1521449437 6.000000 -1.000000 -101.000000 0.000000 0.000000
49 1521449438 6.000000 -1.000000 -101.000000 0.000000 0.000000
49 1521449439 6.000000 -1.000000 -101.000000 0.000000 0.000000
49 1521449440 6.000000 -1.000000 -101.000000 0.000000 0.000000
49 1521449441 9.000000 -1.000000 -101.000000 0.000000 0.000000
49 1521449442 9.000000 -1.000000 -101.000000 0.000000 0.000000
49 1521449443 9.000000 -1.000000 -101.000000 0.000000 0.000000
49 1521449444 9.000000 -1.000000 -101.000000 0.000000 0.000000
49 1521449445 9.000000 -1.000000 -101.000000 0.000000 0.000000
49 1521449446 9.200000 -1.000000 -101.000000 0.000000 0.000000
49 1521449447 9.200000 -1.000000 -101.000000 0.000000 0.000000
49 1521449448 9.200000 -1.000000 -101.000000 0.000000 0.000000
49 1521449449 9.200000 -1.000000 -101.000000 0.000000 0.000000
49 1521449450 9.200000 -1.000000 -101.000000 0.000000 0.000000
49 1521449451 8.600000 -1.000000 -101.000000 0.000000 0.000000
49 1521449452 8.600000 -1.000000 -101.000000 0.000000 0.000000
49 1521449453 8.600000 -1.000000 -101.000000 0.000000 0.000000
49 1521449454 8.600000 -1.000000 -101.000000 0.000000 0.000000
49 1521449455 8.600000 -1.000000 -101.000000 0.000000 0.000000
49 1521449456 9.400000 -1.000000 -101.000000 0.000000 0.000000
49 1521449457 9.400000 -1.000000 -101.000000 0.000000 0.000000
49 1521449458 9.400000 -1.000000 -101.000000 0.000000 0.000000
49 1521449459 9.400000 -1.000000 -101.000000 0.000000 0.000000
49 1521449460 9.400000 -1.000000 -101.000000 0.000000 0.000000
49 1521449461 7.400000 -1.000000 -101.000000 0.000000 0.000000
49 1521449462 7.400000 -1.000000 -101.000000 0.000000 0.000000
49 1521449463 7.400000 -1.000000 -101.000000 0.000000 0.000000
49 1521449464 7.400000 -1.000000 -101.000000 0.000000 0.000000
49 1521449465 7.400000 -1.000000 -101.000000 0.000000 0.000000
49 1521449466 9.800000 -1.000000 -101.000000 0.000000 0.000000
49 1521449467 9.800000 -1.000000 -101.000000 0.000000 0.000000
49 1521449468 9.800000 -1.000000 -101.000000 0.000000 0.000000
49 1521449469 9.800000 -1.000000 -101.000000 0.000000 0.000000
49 1521449470 9.800000 -1.000000 -101.000000 0.000000 0.000000
49 1521449471 8.000000 -1.000000 -101.000000 0.000000 0.000000
49 1521449472 8.000000 -1.000000 -101.000000 0.000000 0.000000
49 1521449473 8.000000 -1.000000 -101.000000 0.000000 0.000000
49 1521449474 8.000000 -1.000000 -101.000000 0.000000 0.000000
49 1521449475 8.000000 -1.000000 -101.000000 0.000000 0.000000
49 1521449476 9.200000 -1.000000 -101.000000 0.000000 0.000000
49 1521449477 9.200000 -1.000000 -101.000000 0.000000 0.000000
49 1521449478 9.200000 -1.000000 -101.000000 0.000000 0.000000
49 1521449479 9.200000 -1.000000 -101.000000 0.000000 0.000000
49 1521449480 9.200000 -1.000000 -101.000000 0.000000 0.000000
49 1521449481 7.600000 -1.000000 -101.000000 0.000000 0.000000
49 1521449482 7.600000 -1.000000 -101.000000 0.000000 0.000000
49 1521449483 7.600000 -1.000000 -101.000000 0.000000 0.000000
49 1521449484 7.600000 -1.000000 -101.000000 0.000000 0.000000
49 1521449485 7.600000 -1.000000 -101.000000 0.000000 0.000000
49 1521449486 11.600000 -1.000000 -101.000000 0.000000 0.000000
49 1521449487 11.600000 -1.000000 -101.000000 0.000000 0.000000
49 1521449488 11.600000 -1.000000 -101.000000 0.000000 0.000000
49 1521449489 11.600000 -1.000000 -101.000000 0.000000 0.000000
49 1521449490 11.600000 -1.000000 -101.000000 0.000000 0.000000
49 1521449491 8.600000 -1.000000 -101.000000 0.000000 0.000000
49 1521449492 8.600000 -1.000000 -101.000000 0.000000 0.000000
49 1521449493 8.600000 -1.000000 -101.000000 0.000000 0.000000
49 1521449494 8.600000 -1.000000 -101.000000 0.000000 0.000000
49 1521449495 8.600000 -1.000000 -101.000000 0.000000 0.000000
49 1521449496 4.000000 -1.000000 -101.000000 0.000000 0.000000
49 1521449497 4.000000 -1.000000 -101.000000 0.000000 0.000000
49 1521449498 4.000000 -1.000000 -101.000000 0.000000 0.000000
49 1521449499 4.000000 -1.000000 -101.000000 0.000000 0.000000
49 1521449500 4.000000 -1.000000 -101.000000 0.000000 0.000000
49 1521449501 8.000000 -1.000000 -101.000000 0.000000 0.000000
49 1521449502 8.000000 -1.000000 -101.000000 0.000000 0.000000
49 1521449503 8.000000 -1.000000 -101.000000 0.000000 0.000000
49 1521449504 8.000000 -1.000000 -101.000000 0.000000 0.000000
49 1521449505 8.000000 -1.000000 -101.000000 0.000000 0.000000
49 1521449506 6.400000 -1.000000 -101.000000 0.000000 0.000000
49 1521449507 6.400000 -1.000000 -101.000000 0.000000 0.000000
49 1521449508 6.400000 -1.000000 -101.000000 0.000000 0.000000
49 1521449509 6.400000 -1.000000 -101.000000 0.000000 0.000000
49 1521449510 6.400000 -1.000000 -101.000000 0.000000 0.000000
49 1521449511 8.200000 -1.000000 -101.000000 0.000000 0.000000
49 1521449512 8.200000 -1.000000 -101.000000 0.000000 0.000000
49 1521449513 8.200000 -1.000000 -101.000000 0.000000 0.000000
49 1521449514 8.200000 -1.000000 -101.000000 0.000000 0.000000
49 1521449515 8.200000 -1.000000 -101.000000 0.000000 0.000000
49 1521449516 10.400000 -1.000000 -101.000000 0.000000 0.000000
49 1521449517 10.400000 -1.000000 -101.000000 0.000000 0.000000
49 1521449518 10.400000 -1.000000 -101.000000 0.000000 0.000000
49 1521449519 10.400000 -1.000000 -101.000000 0.000000 0.000000
49 1521449520 10.400000 -1.000000 -101.000000 0.000000 0.000000
49 1521449521 8.200000 -1.000000 -101.000000 0.000000 0.000000
49 1521449522 8.200000 -1.000000 -101.000000 0.000000 0.000000
49 1521449523 8.200000 -1.000000 -101.000000 0.000000 0.000000
49 1521449524 8.200000 -1.000000 -101.000000 0.000000 0.000000
49 1521449525 8.200000 -1.000000 -101.000000 0.000000 0.000000
49 1521449526 7.800000 -1.000000 -101.000000 0.000000 0.000000
49 1521449527 7.800000 -1.000000 -101.000000 0.000000 0.000000
49 1521449528 7.800000 -1.000000 -101.000000 0.000000 0.000000
49 1521449529 7.800000 -1.000000 -101.000000 0.000000 0.000000
49 1521449530 7.800000 -1.000000 -101.000000 0.000000 0.000000
49 1521449531 8.600000 -1.000000 -101.000000 0.000000 0.000000
49 1521449532 8.600000 -1.000000 -101.000000 0.000000 0.000000
49 1521449533 8.600000 -1.000000 -101.000000 0.000000 0.000000
49 1521449534 8.600000 -1.000000 -101.000000 0.000000 0.000000
49 1521449535 8.600000 -1.000000 -101.000000 0.000000 0.000000
49 1521449536 5.800000 -1.000000 -101.000000 0.000000 0.000000
49 1521449537 5.800000 -1.000000 -101.000000 0.000000 0.000000
49 1521449538 5.800000 -1.000000 -101.000000 0.000000 0.000000
49 1521449539 5.800000 -1.000000 -101.000000 0.000000 0.000000
49 1521449540 5.800000 -1.000000 -101.000000 0.000000 0.000000
49 1521449541 9.600000 -1.000000 -101.000000 0.000000 0.000000
49 1521449542 9.600000 -1.000000 -101.000000 0.000000 0.000000
49 1521449543 9.600000 -1.000000 -101.000000 0.000000 0.000000
49 1521449544 9.600000 -1.000000 -101.000000 0.000000 0.000000
49 1521449545 9.600000 -1.000000 -101.000000 0.000000 0.000000
49 1521449546 5.800000 -1.000000 -101.000000 0.000000 0.000000
49 1521449547 5.800000 -1.000000 -101.000000 0.000000 0.000000
49 1521449548 5.800000 -1.000000 -101.000000 0.000000 0.000000
49 1521449549 5.800000 -1.000000 -101.000000 0.000000 0.000000
49 1521449550 5.800000 -1.000000 -101.000000 0.000000 0.000000
49 1521449551 6.400000 -1.000000 -101.000000 0.000000 0.000000
49 1521449552 6.400000 -1.000000 -101.000000 0.000000 0.000000
49 1521449553 6.400000 -1.000000 -101.000000 0.000000 0.000000
49 1521449554 6.400000 -1.000000 -101.000000 0.000000 0.000000
49 1521449555 6.400000 -1.000000 -101.000000 0.000000 0.000000
49 1521449556 7.600000 -1.000000 -101.000000 0.000000 0.000000
49 1521449557 7.600000 -1.000000 -101.000000 0.000000 0.000000
49 1521449558 7.600000 -1.000000 -101.000000 0.000000 0.000000
49 1521449559 7.600000 -1.000000 -101.000000 0.000000 0.000000
49 1521449560 7.600000 -1.000000 -101.000000 0.000000 0.000000
49 1521449561 7.000000 -1.000000 -101.000000 0.000000 0.000000
49 1521449562 7.000000 -1.000000 -101.000000 0.000000 0.000000
49 1521449563 7.000000 -1.000000 -101.000000 0.000000 0.000000
49 1521449564 7.000000 -1.000000 -101.000000 0.000000 0.000000
49 1521449565 7.000000 -1.000000 -101.000000 0.000000 0.000000
49 1521449566 10.200000 -1.000000 -101.000000 0.000000 0.000000
49 1521449567 10.200000 -1.000000 -101.000000 0.000000 0.000000
49 1521449568 10.200000 -1.000000 -101.000000 0.000000 0.000000
49 1521449569 10.200000 -1.000000 -101.000000 0.000000 0.000000
49 1521449570 10.200000 -1.000000 -101.000000 0.000000 0.000000
49 1521449571 9.800000 -1.000000 -101.000000 0.000000 0.000000
49 1521449572 9.800000 -1.000000 -101.000000 0.000000 0.000000
49 1521449573 9.800000 -1.000000 -101.000000 0.000000 0.000000
49 1521449574 9.800000 -1.000000 -101.000000 0.000000 0.000000
49 1521449575 9.800000 -1.000000 -101.000000 0.000000 0.000000
49 1521449576 5.600000 -1.000000 -101.000000 0.000000 0.000000
49 1521449577 5.600000 -1.000000 -101.000000 0.000000 0.000000
49 1521449578 5.600000 -1.000000 -101.000000 0.000000 0.000000
49 1521449579 5.600000 -1.000000 -101.000000 0.000000 0.000000
49 1521449580 5.600000 -1.000000 -101.000000 0.000000 0.000000
49 1521449581 7.400000 -1.000000 -101.000000 0.000000 0.000000
49 1521449582 7.400000 -1.000000 -101.000000 0.000000 0.000000
49 1521449583 7.400000 -1.000000 -101.000000 0.000000 0.000000
49 1521449584 7.400000 -1.000000 -101.000000 0.000000 0.000000
49 1521449585 7.400000 -1.000000 -101.000000 0.000000 0.000000
49 1521449586 7.200000 -1.000000 -101.000000 0.000000 0.000000
49 1521449587 7.200000 -1.000000 -101.000000 0.000000 0.000000
49 1521449588 7.200000 -1.000000 -101.000000 0.000000 0.000000
49 1521449589 7.200000 -1.000000 -101.000000 0.000000 0.000000
49 1521449590 7.200000 -1.000000 -101.000000 0.000000 0.000000
49 1521449591 7.200000 -1.000000 -101.000000 0.000000 0.000000
49 1521449592 7.200000 -1.000000 -101.000000 0.000000 0.000000
49 1521449593 7.200000 -1.000000 -101.000000 0.000000 0.000000
49 1521449594 7.200000 -1.000000 -101.000000 0.000000 0.000000
49 1521449595 7.200000 -1.000000 -101.000000 0.000000 0.000000
49 1521449596 8.200000 -1.000000 -101.000000 0.000000 0.000000
49 1521449597 8.200000 -1.000000 -101.000000 0.000000 0.000000
49 1521449598 8.200000 -1.000000 -101.000000 0.000000 0.000000
49 1521449599 8.200000 -1.000000 -101.000000 0.000000 0.000000
49 1521449600 8.200000 -1.000000 -101.000000 0.000000 0.000000
49 1521449601 7.400000 -1.000000 -101.000000 0.000000 0.000000
49 1521449602 7.400000 -1.000000 -101.000000 0.000000 0.000000
49 1521449603 7.400000 -1.000000 -101.000000 0.000000 0.000000
49 1521449604 7.400000 -1.000000 -101.000000 0.000000 0.000000
49 1521449605 7.400000 -1.000000 -101.000000 0.000000 0.000000
49 1521449606 6.400000 -1.000000 -101.000000 0.000000 0.000000
49 1521449607 6.400000 -1.000000 -101.000000 0.000000 0.000000
49 1521449608 6.400000 -1.000000 -101.000000 0.000000 0.000000
49 1521449609 6.400000 -1.000000 -101.000000 0.000000 0.000000
49 1521449610 6.400000 -1.000000 -101.000000 0.000000 0.000000
49 1521449611 8.000000 -1.000000 -101.000000 0.000000 0.000000
49 1521449612 8.000000 -1.000000 -101.000000 0.000000 0.000000
49 1521449613 8.000000 -1.000000 -101.000000 0.000000 0.000000
49 1521449614 8.000000 -1.000000 -101.000000 0.000000 0.000000
49 1521449615 8.000000 -1.000000 -101.000000 0.000000 0.000000
49 1521449616 9.200000 -1.000000 -101.000000 0.000000 0.000000
49 1521449617 9.200000 -1.000000 -101.000000 0.000000 0.000000
49 1521449618 9.200000 -1.000000 -101.000000 0.000000 0.000000
49 1521449619 9.200000 -1.000000 -101.000000 0.000000 0.000000
49 1521449620 9.200000 -1.000000 -101.000000 0.000000 0.000000
49 1521449621 6.200000 -1.000000 -101.000000 0.000000 0.000000
49 1521449622 6.200000 -1.000000 -101.000000 0.000000 0.000000
49 1521449623 6.200000 -1.000000 -101.000000 0.000000 0.000000
49 1521449624 6.200000 -1.000000 -101.000000 0.000000 0.000000
49 1521449625 6.200000 -1.000000 -101.000000 0.000000 0.000000
49 1521449626 8.000000 -1.000000 -101.000000 0.000000 0.000000
49 1521449627 8.000000 -1.000000 -101.000000 0.000000 0.000000
49 1521449628 8.000000 -1.000000 -101.000000 0.000000 0.000000
49 1521449629 8.000000 -1.000000 -101.000000 0.000000 0.000000
49 1521449630 8.000000 -1.000000 -101.000000 0.000000 0.000000
49 1521449631 5.200000 -1.000000 -101.000000 0.000000 0.000000
49 1521449632 5.200000 -1.000000 -101.000000 0.000000 0.000000
49 1521449633 5.200000 -1.000000 -101.000000 0.000000 0.000000
49 1521449634 5.200000 -1.000000 -101.000000 0.000000 0.000000
49 1521449635 5.200000 -1.000000 -101.000000 0.000000 0.000000
49 1521449636 8.000000 -1.000000 -101.000000 0.000000 0.000000
49 1521449637 8.000000 -1.000000 -101.000000 0.000000 0.000000
49 1521449638 8.000000 -1.000000 -101.000000 0.000000 0.000000
49 1521449639 8.000000 -1.000000 -101.000000 0.000000 0.000000
49 1521449640 8.000000 -1.000000 -101.000000 0.000000 0.000000
49 1521449641 8.600000 -1.000000 -101.000000 0.000000 0.000000
49 1521449642 8.600000 -1.000000 -101.000000 0.000000 0.000000
49 1521449643 8.600000 -1.000000 -101.000000 0.000000 0.000000
49 1521449644 8.600000 -1.000000 -101.000000 0.000000 0.000000
49 1521449645 8.600000 -1.000000 -101.000000 0.000000 0.000000
49 1521449646 7.000000 -1.000000 -101.000000 0.000000 0.000000
49 1521449647 7.000000 -1.000000 -101.000000 0.000000 0.000000
49 1521449648 7.000000 -1.000000 -101.000000 0.000000 0.000000
49 1521449649 7.000000 -1.000000 -101.000000 0.000000 0.000000
49 1521449650 7.000000 -1.000000 -101.000000 0.000000 0.000000
49 1521449651 7.000000 -1.000000 -101.000000 0.000000 0.000000
49 1521449652 7.000000 -1.000000 -101.000000 0.000000 0.000000
49 1521449653 7.000000 -1.000000 -101.000000 0.000000 0.000000
49 1521449654 7.000000 -1.000000 -101.000000 0.000000 0.000000
49 1521449655 7.000000 -1.000000 -101.000000 0.000000 0.000000
49 1521449656 6.000000 -1.000000 -101.000000 0.000000 0.000000
49 1521449657 6.000000 -1.000000 -101.000000 0.000000 0.000000
49 1521449658 6.000000 -1.000000 -101.000000 0.000000 0.000000
49 1521449659 6.000000 -1.000000 -101.000000 0.000000 0.000000
49 1521449660 6.000000 -1.000000 -101.000000 0.000000 0.000000
49 1521449661 7.800000 -1.000000 -101.000000 0.000000 0.000000
49 1521449662 7.800000 -1.000000 -101.000000 0.000000 0.000000
49 1521449663 7.800000 -1.000000 -101.000000 0.000000 0.000000
49 1521449664 7.800000 -1.000000 -101.000000 0.000000 0.000000
49 1521449665 7.800000 -1.000000 -101.000000 0.000000 0.000000
49 1521449666 6.800000 -1.000000 -101.000000 0.000000 0.000000
49 1521449667 6.800000 -1.000000 -101.000000 0.000000 0.000000
49 1521449668 6.800000 -1.000000 -101.000000 0.000000 0.000000
49 1521449669 6.800000 -1.000000 -101.000000 0.000000 0.000000
49 1521449670 6.800000 -1.000000 -101.000000 0.000000 0.000000
49 1521449671 5.400000 -1.000000 -101.000000 0.000000 0.000000
49 1521449672 5.400000 -1.000000 -101.000000 0.000000 0.000000
49 1521449673 5.400000 -1.000000 -101.000000 0.000000 0.000000
49 1521449674 5.400000 -1.000000 -101.000000 0.000000 0.000000
49 1521449675 5.400000 -1.000000 -101.000000 0.000000 0.000000
49 1521449676 4.800000 -1.000000 -101.000000 0.000000 0.000000
49 1521449677 4.800000 -1.000000 -101.000000 0.000000 0.000000
49 1521449678 4.800000 -1.000000 -101.000000 0.000000 0.000000
49 1521449679 4.800000 -1.000000 -101.000000 0.000000 0.000000
49 1521449680 4.800000 -1.000000 -101.000000 0.000000 0.000000
49 1521449681 7.400000 -1.000000 -101.000000 0.000000 0.000000
49 1521449682 7.400000 -1.000000 -101.000000 0.000000 0.000000
49 1521449683 7.400000 -1.000000 -101.000000 0.000000 0.000000
49 1521449684 7.400000 -1.000000 -101.000000 0.000000 0.000000
49 1521449685 7.400000 -1.000000 -101.000000 0.000000 0.000000
49 1521449686 4.600000 -1.000000 -101.000000 0.000000 0.000000
49 1521449687 4.600000 -1.000000 -101.000000 0.000000 0.000000
49 1521449688 4.600000 -1.000000 -101.000000 0.000000 0.000000
49 1521449689 4.600000 -1.000000 -101.000000 0.000000 0.000000
49 1521449690 4.600000 -1.000000 -101.000000 0.000000 0.000000
49 1521449691 3.800000 -1.000000 -101.000000 0.000000 0.000000
49 1521449692 3.800000 -1.000000 -101.000000 0.000000 0.000000
49 1521449693 3.800000 -1.000000 -101.000000 0.000000 0.000000
49 1521449694 3.800000 -1.000000 -101.000000 0.000000 0.000000
49 1521449695 3.800000 -1.000000 -101.000000 0.000000 0.000000
49 1521449696 8.000000 -1.000000 -101.000000 0.000000 0.000000
49 1521449697 8.000000 -1.000000 -101.000000 0.000000 0.000000
49 1521449698 8.000000 -1.000000 -101.000000 0.000000 0.000000
49 1521449699 8.000000 -1.000000 -101.000000 0.000000 0.000000
49 1521449700 8.000000 -1.000000 -101.000000 0.000000 0.000000
49 1521449701 5.200000 -1.000000 -101.000000 0.000000 0.000000
49 1521449702 5.200000 -1.000000 -101.000000 0.000000 0.000000
49 1521449703 5.200000 -1.000000 -101.000000 0.000000 0.000000
49 1521449704 5.200000 -1.000000 -101.000000 0.000000 0.000000
49 1521449705 5.200000 -1.000000 -101.000000 0.000000 0.000000
49 1521449706 7.600000 -1.000000 -101.000000 0.000000 0.000000
49 1521449707 7.600000 -1.000000 -101.000000 0.000000 0.000000
49 1521449708 7.600000 -1.000000 -101.000000 0.000000 0.000000
49 1521449709 7.600000 -1.000000 -101.000000 0.000000 0.000000
49 1521449710 7.600000 -1.000000 -101.000000 0.000000 0.000000
49 1521449711 8.600000 -1.000000 -101.000000 0.000000 0.000000
49 1521449712 8.600000 -1.000000 -101.000000 0.000000 0.000000
49 1521449713 8.600000 -1.000000 -101.000000 0.000000 0.000000
49 1521449714 8.600000 -1.000000 -101.000000 0.000000 0.000000
49 1521449715 8.600000 -1.000000 -101.000000 0.000000 0.000000
49 1521449716 5.400000 -1.000000 -101.000000 0.000000 0.000000
49 1521449717 5.400000 -1.000000 -101.000000 0.000000 0.000000
49 1521449718 5.400000 -1.000000 -101.000000 0.000000 0.000000
49 1521449719 5.400000 -1.000000 -101.000000 0.000000 0.000000
49 1521449720 5.400000 -1.000000 -101.000000 0.000000 0.000000
49 1521449721 6.400000 -1.000000 -101.000000 0.000000 0.000000
49 1521449722 6.400000 -1.000000 -101.000000 0.000000 0.000000
49 1521449723 6.400000 -1.000000 -101.000000 0.000000 0.000000
49 1521449724 6.400000 -1.000000 -101.000000 0.000000 0.000000
49 1521449725 6.400000 -1.000000 -101.000000 0.000000 0.000000
49 1521449726 8.000000 -1.000000 -101.000000 0.000000 0.000000
49 1521449727 8.000000 -1.000000 -101.000000 0.000000 0.000000
49 1521449728 8.000000 -1.000000 -101.000000 0.000000 0.000000
49 1521449729 8.000000 -1.000000 -101.000000 0.000000 0.000000
49 1521449730 8.000000 -1.000000 -101.000000 0.000000 0.000000
49 1521449731 6.200000 -1.000000 -101.000000 0.000000 0.000000
49 1521449732 6.200000 -1.000000 -101.000000 0.000000 0.000000
49 1521449733 6.200000 -1.000000 -101.000000 0.000000 0.000000
49 1521449734 6.200000 -1.000000 -101.000000 0.000000 0.000000
49 1521449735 6.200000 -1.000000 -101.000000 0.000000 0.000000
49 1521449736 7.400000 -1.000000 -101.000000 0.000000 0.000000
49 1521449737 7.400000 -1.000000 -101.000000 0.000000 0.000000
49 1521449738 7.400000 -1.000000 -101.000000 0.000000 0.000000
49 1521449739 7.400000 -1.000000 -101.000000 0.000000 0.000000
49 1521449740 7.400000 -1.000000 -101.000000 0.000000 0.000000
49 1521449741 4.400000 -1.000000 -101.000000 0.000000 0.000000
49 1521449742 4.400000 -1.000000 -101.000000 0.000000 0.000000
49 1521449743 4.400000 -1.000000 -101.000000 0.000000 0.000000
49 1521449744 4.400000 -1.000000 -101.000000 0.000000 0.000000
49 1521449745 4.400000 -1.000000 -101.000000 0.000000 0.000000
49 1521449746 6.000000 -1.000000 -101.000000 0.000000 0.000000
49 1521449747 6.000000 -1.000000 -101.000000 0.000000 0.000000
49 1521449748 6.000000 -1.000000 -101.000000 0.000000 0.000000
49 1521449749 6.000000 -1.000000 -101.000000 0.000000 0.000000
49 1521449750 6.000000 -1.000000 -101.000000 0.000000 0.000000
49 1521449751 8.000000 -1.000000 -101.000000 0.000000 0.000000
49 1521449752 8.000000 -1.000000 -101.000000 0.000000 0.000000
49 1521449753 8.000000 -1.000000 -101.000000 0.000000 0.000000
49 1521449754 8.000000 -1.000000 -101.000000 0.000000 0.000000
49 1521449755 8.000000 -1.000000 -101.000000 0.000000 0.000000
49 1521449756 4.200000 -1.000000 -101.000000 0.000000 0.000000
49 1521449757 4.200000 -1.000000 -101.000000 0.000000 0.000000
49 1521449758 4.200000 -1.000000 -101.000000 0.000000 0.000000
49 1521449759 4.200000 -1.000000 -101.000000 0.000000 0.000000
49 1521449760 4.200000 -1.000000 -101.000000 0.000000 0.000000
49 1521449761 9.400000 -1.000000 -101.000000 0.000000 0.000000
49 1521449762 9.400000 -1.000000 -101.000000 0.000000 0.000000
49 1521449763 9.400000 -1.000000 -101.000000 0.000000 0.000000
49 1521449764 9.400000 -1.000000 -101.000000 0.000000 0.000000
49 1521449765 9.400000 -1.000000 -101.000000 0.000000 0.000000
49 1521449766 5.800000 -1.000000 -101.000000 0.000000 0.000000
49 1521449767 5.800000 -1.000000 -101.000000 0.000000 0.000000
49 1521449768 5.800000 -1.000000 -101.000000 0.000000 0.000000
49 1521449769 5.800000 -1.000000 -101.000000 0.000000 0.000000
49 1521449770 5.800000 -1.000000 -101.000000 0.000000 0.000000
49 1521449771 3.800000 -1.000000 -101.000000 0.000000 0.000000
49 1521449772 3.800000 -1.000000 -101.000000 0.000000 0.000000
49 1521449773 3.800000 -1.000000 -101.000000 0.000000 0.000000
49 1521449774 3.800000 -1.000000 -101.000000 0.000000 0.000000
49 1521449775 3.800000 -1.000000 -101.000000 0.000000 0.000000
49 1521449776 6.800000 -1.000000 -101.000000 0.000000 0.000000
49 1521449777 6.800000 -1.000000 -101.000000 0.000000 0.000000
49 1521449778 6.800000 -1.000000 -101.000000 0.000000 0.000000
49 1521449779 6.800000 -1.000000 -101.000000 0.000000 0.000000
49 1521449780 6.800000 -1.000000 -101.000000 0.000000 0.000000
49 1521449781 6.800000 -1.000000 -101.000000 0.000000 0.000000
49 1521449782 6.800000 -1.000000 -101.000000 0.000000 0.000000
49 1521449783 6.800000 -1.000000 -101.000000 0.000000 0.000000
49 1521449784 6.800000 -1.000000 -101.000000 0.000000 0.000000
49 1521449785 6.800000 -1.000000 -101.000000 0.000000 0.000000
49 1521449786 6.400000 -1.000000 -101.000000 0.000000 0.000000
49 1521449787 6.400000 -1.000000 -101.000000 0.000000 0.000000
49 1521449788 6.400000 -1.000000 -101.000000 0.000000 0.000000
49 1521449789 6.400000 -1.000000 -101.000000 0.000000 0.000000
49 1521449790 6.400000 -1.000000 -101.000000 0.000000 0.000000
49 1521449791 4.800000 -1.000000 -101.000000 0.000000 0.000000
49 1521449792 4.800000 -1.000000 -101.000000 0.000000 0.000000
49 1521449793 4.800000 -1.000000 -101.000000 0.000000 0.000000
49 1521449794 4.800000 -1.000000 -101.000000 0.000000 0.000000
49 1521449795 4.800000 -1.000000 -101.000000 0.000000 0.000000
49 1521449796 5.200000 -1.000000 -101.000000 0.000000 0.000000
49 1521449797 5.200000 -1.000000 -101.000000 0.000000 0.000000
49 1521449798 5.200000 -1.000000 -101.000000 0.000000 0.000000
49 1521449799 5.200000 -1.000000 -101.000000 0.000000 0.000000
49 1521449800 5.200000 -1.000000 -101.000000 0.000000 0.000000
49 1521449801 8.800000 -1.000000 -101.000000 0.000000 0.000000
49 1521449802 8.800000 -1.000000 -101.000000 0.000000 0.000000
49 1521449803 8.800000 -1.000000 -101.000000 0.000000 0.000000
49 1521449804 8.800000 -1.000000 -101.000000 0.000000 0.000000
49 1521449805 8.800000 -1.000000 -101.000000 0.000000 0.000000
49 1521449806 6.400000 -1.000000 -101.000000 0.000000 0.000000
49 1521449807 6.400000 -1.000000 -101.000000 0.000000 0.000000
49 1521449808 6.400000 -1.000000 -101.000000 0.000000 0.000000
49 1521449809 6.400000 -1.000000 -101.000000 0.000000 0.000000
49 1521449810 6.400000 -1.000000 -101.000000 0.000000 0.000000
49 1521449811 3.000000 -1.000000 -101.000000 0.000000 0.000000
49 1521449812 3.000000 -1.000000 -101.000000 0.000000 0.000000
49 1521449875 6.600000 -1.000000 6.600000 6.600000 0.000000
49 1521449874 6.600000 -1.000000 6.600000 6.600000 0.000000
49 1521449873 6.600000 -1.000000 6.600000 6.600000 0.000000
49 1521449872 6.600000 -1.000000 6.600000 6.600000 0.000000
49 1521449871 6.600000 -1.000000 6.600000 6.600000 0.000000
49 1521449870 4.000000 -1.000000 4.000000 4.000000 0.000000
49 1521449869 4.000000 -1.000000 4.000000 4.000000 0.000000
49 1521449868 4.000000 -1.000000 4.000000 4.000000 0.000000
49 1521449867 4.000000 -1.000000 4.000000 4.000000 0.000000
49 1521449866 4.000000 -1.000000 4.000000 4.000000 0.000000
49 1521449865 7.800000 -1.000000 7.800000 7.800000 0.000000
49 1521449864 7.800000 -1.000000 7.800000 7.800000 0.000000
49 1521449863 7.800000 -1.000000 7.800000 7.800000 0.000000
49 1521449862 7.800000 -1.000000 7.800000 7.800000 0.000000
49 1521449861 7.800000 -1.000000 7.800000 7.800000 0.000000
49 1521449860 4.800000 -1.000000 4.800000 4.800000 0.000000
49 1521449859 4.800000 -1.000000 4.800000 4.800000 0.000000
49 1521449858 4.800000 -1.000000 4.800000 4.800000 0.000000
49 1521449857 4.800000 -1.000000 4.800000 4.800000 0.000000
49 1521449856 4.800000 -1.000000 4.800000 4.800000 0.000000
49 1521449855 4.200000 -1.000000 4.200000 4.200000 0.000000
49 1521449854 4.200000 -1.000000 4.200000 4.200000 0.000000
49 1521449853 4.200000 -1.000000 4.200000 4.200000 0.000000
49 1521449852 4.200000 -1.000000 4.200000 4.200000 0.000000
49 1521449851 4.200000 -1.000000 4.200000 4.200000 0.000000
49 1521449850 7.000000 -1.000000 7.000000 7.000000 0.000000
49 1521449849 7.000000 -1.000000 7.000000 7.000000 0.000000
49 1521449848 7.000000 -1.000000 7.000000 7.000000 0.000000
49 1521449847 7.000000 -1.000000 7.000000 7.000000 0.000000
49 1521449846 7.000000 -1.000000 7.000000 7.000000 0.000000
49 1521449845 4.800000 -1.000000 4.800000 4.800000 0.000000
49 1521449844 4.800000 -1.000000 4.800000 4.800000 0.000000
49 1521449843 4.800000 -1.000000 4.800000 4.800000 0.000000
49 1521449842 4.800000 -1.000000 4.800000 4.800000 0.000000
49 1521449841 4.800000 -1.000000 4.800000 4.800000 0.000000
49 1521449840 6.200000 -1.000000 6.200000 6.200000 0.000000
49 1521449839 6.200000 -1.000000 6.200000 6.200000 0.000000
49 1521449838 6.200000 -1.000000 6.200000 6.200000 0.000000
49 1521449837 6.200000 -1.000000 6.200000 6.200000 0.000000
49 1521449836 6.200000 -1.000000 6.200000 6.200000 0.000000
49 1521449835 5.200000 -1.000000 5.200000 5.200000 0.000000
49 1521449834 5.200000 -1.000000 5.200000 5.200000 0.000000
49 1521449833 5.200000 -1.000000 5.200000 5.200000 0.000000
49 1521449832 5.200000 -1.000000 5.200000 5.200000 0.000000
49 1521449831 5.200000 -1.000000 5.200000 5.200000 0.000000
49 1521449830 7.200000 -1.000000 7.200000 7.200000 0.000000
49 1521449829 7.200000 -1.000000 7.200000 7.200000 0.000000
49 1521449828 7.200000 -1.000000 7.200000 7.200000 0.000000
49 1521449827 7.200000 -1.000000 7.200000 7.200000 0.000000
49 1521449826 7.200000 -1.000000 7.200000 7.200000 0.000000
49 1521449825 3.000000 -1.000000 3.000000 3.000000 0.000000
49 1521449824 3.000000 -1.000000 3.000000 3.000000 0.000000
49 1521449823 3.000000 -1.000000 3.000000 3.000000 0.000000
49 1521449822 3.000000 -1.000000 3.000000 3.000000 0.000000
49 1521449821 3.000000 -1.000000 3.000000 3.000000 0.000000
49 1521449820 4.800000 -1.000000 4.800000 4.800000 0.000000
49 1521449819 4.800000 -1.000000 4.800000 4.800000 0.000000
49 1521449818 4.800000 -1.000000 4.800000 4.800000 0.000000
49 1521449817 4.800000 -1.000000 4.800000 4.800000 0.000000
49 1521449816 4.800000 -1.000000 4.800000 4.800000 0.000000
49 1521449815 3.000000 -1.000000 3.000000 3.000000 0.000000
49 1521449814 3.000000 -1.000000 3.000000 3.000000 0.000000
49 1521449813 3.000000 -1.000000 3.000000 3.000000 0.000000
49 1521449813 3.000000 -1.000000 -101.000000 0.000000 0.000000
49 1521449814 3.000000 -1.000000 -101.000000 0.000000 0.000000
49 1521449815 3.000000 -1.000000 -101.000000 0.000000 0.000000
49 1521449816 4.800000 -1.000000 -101.000000 0.000000 0.000000
49 1521449817 4.800000 -1.000000 -101.000000 0.000000 0.000000
49 1521449818 4.800000 -1.000000 -101.000000 0.000000 0.000000
49 1521449819 4.800000 -1.000000 -101.000000 0.000000 0.000000
49 1521449820 4.800000 -1.000000 -101.000000 0.000000 0.000000
49 1521449821 3.000000 -1.000000 -101.000000 0.000000 0.000000
49 1521449822 3.000000 -1.000000 -101.000000 0.000000 0.000000
49 1521449823 3.000000 -1.000000 -101.000000 0.000000 0.000000
49 1521449824 3.000000 -1.000000 -101.000000 0.000000 0.000000
49 1521449825 3.000000 -1.000000 -101.000000 0.000000 0.000000
49 1521449826 7.200000 -1.000000 -101.000000 0.000000 0.000000
49 1521449827 7.200000 -1.000000 -101.000000 0.000000 0.000000
49 1521449828 7.200000 -1.000000 -101.000000 0.000000 0.000000
49 1521449829 7.200000 -1.000000 -101.000000 0.000000 0.000000
49 1521449830 7.200000 -1.000000 -101.000000 0.000000 0.000000
49 1521449831 5.200000 -1.000000 -101.000000 0.000000 0.000000
49 1521449832 5.200000 -1.000000 -101.000000 0.000000 0.000000
49 1521449833 5.200000 -1.000000 -101.000000 0.000000 0.000000
49 1521449834 5.200000 -1.000000 -101.000000 0.000000 0.000000
49 1521449835 5.200000 -1.000000 -101.000000 0.000000 0.000000
49 1521449836 6.200000 -1.000000 -101.000000 0.000000 0.000000
49 1521449837 6.200000 -1.000000 -101.000000 0.000000 0.000000
49 1521449838 6.200000 -1.000000 -101.000000 0.000000 0.000000
49 1521449839 6.200000 -1.000000 -101.000000 0.000000 0.000000
49 1521449840 6.200000 -1.000000 -101.000000 0.000000 0.000000
49 1521449841 4.800000 -1.000000 -101.000000 0.000000 0.000000
49 1521449842 4.800000 -1.000000 -101.000000 0.000000 0.000000
49 1521449843 4.800000 -1.000000 -101.000000 0.000000 0.000000
49 1521449844 4.800000 -1.000000 -101.000000 0.000000 0.000000
49 1521449845 4.800000 -1.000000 -101.000000 0.000000 0.000000
49 1521449846 7.000000 -1.000000 -101.000000 0.000000 0.000000
49 1521449847 7.000000 -1.000000 -101.000000 0.000000 0.000000
49 1521449848 7.000000 -1.000000 -101.000000 0.000000 0.000000
49 1521449849 7.000000 -1.000000 -101.000000 0.000000 0.000000
49 1521449850 7.000000 -1.000000 -101.000000 0.000000 0.000000
49 1521449851 4.200000 -1.000000 -101.000000 0.000000 0.000000
49 1521449852 4.200000 -1.000000 -101.000000 0.000000 0.000000
49 1521449853 4.200000 -1.000000 -101.000000 0.000000 0.000000
49 1521449854 4.200000 -1.000000 -101.000000 0.000000 0.000000
49 1521449855 4.200000 -1.000000 -101.000000 0.000000 0.000000
49 1521449856 4.800000 -1.000000 -101.000000 0.000000 0.000000
49 1521449857 4.800000 -1.000000 -101.000000 0.000000 0.000000
49 1521449858 4.800000 -1.000000 -101.000000 0.000000 0.000000
49 1521449859 4.800000 -1.000000 -101.000000 0.000000 0.000000
49 1521449860 4.800000 -1.000000 -101.000000 0.000000 0.000000
49 1521449861 7.800000 -1.000000 -101.000000 0.000000 0.000000
49 1521449862 7.800000 -1.000000 -101.000000 0.000000 0.000000
49 1521449863 7.800000 -1.000000 -101.000000 0.000000 0.000000
49 1521449864 7.800000 -1.000000 -101.000000 0.000000 0.000000
49 1521449865 7.800000 -1.000000 -101.000000 0.000000 0.000000
49 1521449866 4.000000 -1.000000 -101.000000 0.000000 0.000000
49 1521449867 4.000000 -1.000000 -101.000000 0.000000 0.000000
49 1521449868 4.000000 -1.000000 -101.000000 0.000000 0.000000
49 1521449869 4.000000 -1.000000 -101.000000 0.000000 0.000000
49 1521449870 4.000000 -1.000000 -101.000000 0.000000 0.000000
49 1521449871 6.600000 -1.000000 -101.000000 0.000000 0.000000
49 1521449872 6.600000 -1.000000 -101.000000 0.000000 0.000000
49 1521449873 6.600000 -1.000000 -101.000000 0.000000 0.000000
49 1521449874 6.600000 -1.000000 -101.000000 0.000000 0.000000
49 1521449875 6.600000 -1.000000 -101.000000 0.000000 0.000000
49 1521449876 6.200000 -1.000000 -101.000000 0.000000 0.000000
49 1521449877 6.200000 -1.000000 -101.000000 0.000000 0.000000
49 1521449878 6.200000 -1.000000 -101.000000 0.000000 0.000000
49 1521449879 6.200000 -1.000000 -101.000000 0.000000 0.000000
49 1521449880 6.200000 -1.000000 -101.000000 0.000000 0.000000
49 1521449881 7.400000 -1.000000 -101.000000 0.000000 0.000000
49 1521449882 7.400000 -1.000000 -101.000000 0.000000 0.000000
49 1521449883 7.400000 -1.000000 -101.000000 0.000000 0.000000
49 1521449884 7.400000 -1.000000 -101.000000 0.000000 0.000000
49 1521449885 7.400000 -1.000000 -101.000000 0.000000 0.000000
49 1521449886 4.000000 -1.000000 -101.000000 0.000000 0.000000
49 1521449887 4.000000 -1.000000 -101.000000 0.000000 0.000000
49 1521449888 4.000000 -1.000000 -101.000000 0.000000 0.000000
49 1521449889 4.000000 -1.000000 -101.000000 0.000000 0.000000
49 1521449890 4.000000 -1.000000 -101.000000 0.000000 0.000000
49 1521449891 7.200000 -1.000000 -101.000000 0.000000 0.000000
49 1521449892 7.200000 -1.000000 -101.000000 0.000000 0.000000
49 1521449893 7.200000 -1.000000 -101.000000 0.000000 0.000000
49 1521449894 7.200000 -1.000000 -101.000000 0.000000 0.000000
49 1521449895 7.200000 -1.000000 -101.000000 0.000000 0.000000
49 1521449896 5.000000 -1.000000 -101.000000 0.000000 0.000000
49 1521449897 5.000000 -1.000000 -101.000000 0.000000 0.000000
49 1521449898 5.000000 -1.000000 -101.000000 0.000000 0.000000
49 1521449899 5.000000 -1.000000 -101.000000 0.000000 0.000000
49 1521449900 5.000000 -1.000000 -101.000000 0.000000 0.000000
49 1521449901 7.000000 -1.000000 -101.000000 0.000000 0.000000
49 1521449902 7.000000 -1.000000 -101.000000 0.000000 0.000000
49 1521449903 7.000000 -1.000000 -101.000000 0.000000 0.000000
49 1521449904 7.000000 -1.000000 -101.000000 0.000000 0.000000
49 1521449905 7.000000 -1.000000 -101.000000 0.000000 0.000000
49 1521449906 4.000000 -1.000000 -101.000000 0.000000 0.000000
49 1521449907 4.000000 -1.000000 -101.000000 0.000000 0.000000
49 1521449908 4.000000 -1.000000 -101.000000 0.000000 0.000000
49 1521449909 4.000000 -1.000000 -101.000000 0.000000 0.000000
49 1521449910 4.000000 -1.000000 -101.000000 0.000000 0.000000
49 1521449911 8.000000 -1.000000 -101.000000 0.000000 0.000000
49 1521449912 8.000000 -1.000000 -101.000000 0.000000 0.000000
49 1521449913 8.000000 -1.000000 -101.000000 0.000000 0.000000
49 1521449914 8.000000 -1.000000 -101.000000 0.000000 0.000000
49 1521449915 8.000000 -1.000000 -101.000000 0.000000 0.000000
49 1521449916 6.200000 -1.000000 -101.000000 0.000000 0.000000
49 1521449917 6.200000 -1.000000 -101.000000 0.000000 0.000000
49 1521449918 6.200000 -1.000000 -101.000000 0.000000 0.000000
49 1521449919 6.200000 -1.000000 -101.000000 0.000000 0.000000
49 1521449920 6.200000 -1.000000 -101.000000 0.000000 0.000000
49 1521449921 4.800000 -1.000000 -101.000000 0.000000 0.000000
49 1521449922 4.800000 -1.000000 -101.000000 0.000000 0.000000
49 1521449923 4.800000 -1.000000 -101.000000 0.000000 0.000000
49 1521449924 4.800000 -1.000000 -101.000000 0.000000 0.000000
49 1521449925 4.800000 -1.000000 -101.000000 0.000000 0.000000
49 1521449926 5.000000 -1.000000 -101.000000 0.000000 0.000000
49 1521449927 5.000000 -1.000000 -101.000000 0.000000 0.000000
49 1521449928 5.000000 -1.000000 -101.000000 0.000000 0.000000
49 1521449929 5.000000 -1.000000 -101.000000 0.000000 0.000000
49 1521449930 5.000000 -1.000000 -101.000000 0.000000 0.000000
49 1521449931 7.000000 -1.000000 -101.000000 0.000000 0.000000
49 1521449932 7.000000 -1.000000 -101.000000 0.000000 0.000000
49 1521449933 7.000000 -1.000000 -101.000000 0.000000 0.000000
49 1521449934 7.000000 -1.000000 -101.000000 0.000000 0.000000
49 1521449935 7.000000 -1.000000 -101.000000 0.000000 0.000000
49 1521449936 5.200000 -1.000000 -101.000000 0.000000 0.000000
49 1521449937 5.200000 -1.000000 -101.000000 0.000000 0.000000
49 1521449938 5.200000 -1.000000 -101.000000 0.000000 0.000000
49 1521449939 5.200000 -1.000000 -101.000000 0.000000 0.000000
49 1521449940 5.200000 -1.000000 -101.000000 0.000000 0.000000
49 1521449941 5.400000 -1.000000 -101.000000 0.000000 0.000000
49 1521449942 5.400000 -1.000000 -101.000000 0.000000 0.000000
49 1521449943 5.400000 -1.000000 -101.000000 0.000000 0.000000
49 1521449944 5.400000 -1.000000 -101.000000 0.000000 0.000000
49 1521449945 5.400000 -1.000000 -101.000000 0.000000 0.000000
49 1521449946 5.600000 -1.000000 -101.000000 0.000000 0.000000
49 1521449947 5.600000 -1.000000 -101.000000 0.000000 0.000000
49 1521449948 5.600000 -1.000000 -101.000000 0.000000 0.000000
49 1521449949 5.600000 -1.000000 -101.000000 0.000000 0.000000
49 1521449950 5.600000 -1.000000 -101.000000 0.000000 0.000000
49 1521449951 4.800000 -1.000000 -101.000000 0.000000 0.000000
49 1521449952 4.800000 -1.000000 -101.000000 0.000000 0.000000
49 1521449953 4.800000 -1.000000 -101.000000 0.000000 0.000000
49 1521449954 4.800000 -1.000000 -101.000000 0.000000 0.000000
49 1521449955 4.800000 -1.000000 -101.000000 0.000000 0.000000
49 1521449956 2.800000 -1.000000 -101.000000 0.000000 0.000000
49 1521449957 2.800000 -1.000000 -101.000000 0.000000 0.000000
49 1521449958 2.800000 -1.000000 -101.000000 0.000000 0.000000
49 1521449959 2.800000 -1.000000 -101.000000 0.000000 0.000000
49 1521449960 2.800000 -1.000000 -101.000000 0.000000 0.000000
49 1521449961 2.000000 -1.000000 -101.000000 0.000000 0.000000
49 1521449962 2.000000 -1.000000 -101.000000 0.000000 0.000000
49 1521449963 2.000000 -1.000000 -101.000000 0.000000 0.000000
49 1521449964 2.000000 -1.000000 -101.000000 0.000000 0.000000
49 1521449965 2.000000 -1.000000 -101.000000 0.000000 0.000000
49 1521449966 6.800000 -1.000000 -101.000000 0.000000 0.000000
49 1521449967 6.800000 -1.000000 -101.000000 0.000000 0.000000
49 1521449968 6.800000 -1.000000 -101.000000 0.000000 0.000000
49 1521449969 6.800000 -1.000000 -101.000000 0.000000 0.000000
49 1521449970 6.800000 -1.000000 -101.000000 0.000000 0.000000
49 1521449971 7.000000 -1.000000 -101.000000 0.000000 0.000000
49 1521449972 7.000000 -1.000000 -101.000000 0.000000 0.000000
49 1521449973 7.000000 -1.000000 -101.000000 0.000000 0.000000
49 1521449974 7.000000 -1.000000 -101.000000 0.000000 0.000000
49 1521449975 7.000000 -1.000000 -101.000000 0.000000 0.000000
49 1521449976 4.400000 -1.000000 -101.000000 0.000000 0.000000
49 1521449977 4.400000 -1.000000 -101.000000 0.000000 0.000000
49 1521449978 4.400000 -1.000000 -101.000000 0.000000 0.000000
49 1521449979 4.400000 -1.000000 -101.000000 0.000000 0.000000
49 1521449980 4.400000 -1.000000 -101.000000 0.000000 0.000000
49 1521449981 4.600000 -1.000000 -101.000000 0.000000 0.000000
49 1521449982 4.600000 -1.000000 -101.000000 0.000000 0.000000
49 1521449983 4.600000 -1.000000 -101.000000 0.000000 0.000000
49 1521449984 4.600000 -1.000000 -101.000000 0.000000 0.000000
49 1521449985 4.600000 -1.000000 -101.000000 0.000000 0.000000
49 1521449986 7.200000 -1.000000 -101.000000 0.000000 0.000000
49 1521449987 7.200000 -1.000000 -101.000000 0.000000 0.000000
49 1521449988 7.200000 -1.000000 -101.000000 0.000000 0.000000
49 1521449989 7.200000 -1.000000 -101.000000 0.000000 0.000000
49 1521449990 7.200000 -1.000000 -101.000000 0.000000 0.000000
49 1521449991 6.400000 -1.000000 -101.000000 0.000000 0.000000
49 1521449992 6.400000 -1.000000 -101.000000 0.000000 0.000000
49 1521449993 6.400000 -1.000000 -101.000000 0.000000 0.000000
49 1521449994 6.400000 -1.000000 -101.000000 0.000000 0.000000
49 1521449995 6.400000 -1.000000 -101.000000 0.000000 0.000000
49 1521449996 4.400000 -1.000000 -101.000000 0.000000 0.000000
49 1521449997 4.400000 -1.000000 -101.000000 0.000000 0.000000
49 1521449998 4.400000 -1.000000 -101.000000 0.000000 0.000000
49 1521449999 4.400000 -1.000000 -101.000000 0.0