78 1521449286 2.400000 -1.000000 -101.000000 0.000000 0.000000
78 1521449287 2.400000 -1.000000 -101.000000 0.000000 0.000000
78 1521449288 2.400000 -1.000000 -101.000000 0.000000 0.000000
78 1521449289 2.400000 -1.000000 -101.000000 0.000000 0.000000
78 1521449290 2.400000 -1.000000 -101.000000 0.000000 0.000000
78 1521449291 4.000000 -1.000000 -101.000000 0.000000 0.000000
78 1521449292 4.000000 -1.000000 -101.000000 0.000000 0.000000
78 1521449293 4.000000 -1.000000 -101.000000 0.000000 0.000000
78 1521449294 4.000000 -1.000000 -101.000000 0.000000 0.000000
78 1521449295 4.000000 -1.000000 -101.000000 0.000000 0.000000
78 1521449296 2.400000 -1.000000 -101.000000 0.000000 0.000000
78 1521449297 2.400000 -1.000000 -101.000000 0.000000 0.000000
78 1521449298 2.400000 -1.000000 -101.000000 0.000000 0.000000
78 1521449299 2.400000 -1.000000 -101.000000 0.000000 0.000000
78 1521449300 2.400000 -1.000000 -101.000000 0.000000 0.000000
78 1521449301 6.800000 -1.000000 -101.000000 0.000000 0.000000
78 1521449302 6.800000 -1.000000 -101.000000 0.000000 0.000000
78 1521449303 6.800000 -1.000000 -101.000000 0.000000 0.000000
78 1521449304 6.800000 -1.000000 -101.000000 0.000000 0.000000
78 1521449305 6.800000 -1.000000 -101.000000 0.000000 0.000000
78 1521449306 4.000000 -1.000000 -101.000000 0.000000 0.000000
78 1521449307 4.000000 -1.000000 -101.000000 0.000000 0.000000
78 1521449308 4.000000 -1.000000 -101.000000 0.000000 0.000000
78 1521449309 4.000000 -1.000000 -101.000000 0.000000 0.000000
78 1521449310 4.000000 -1.000000 -101.000000 0.000000 0.000000
78 1521449311 7.200000 -1.000000 -101.000000 0.000000 0.000000
78 1521449312 7.200000 -1.000000 -101.000000 0.000000 0.000000
78 1521449313 7.200000 -1.000000 -101.000000 0.000000 0.000000
78 1521449314 7.200000 -1.000000 -101.000000 0.000000 0.000000
78 1521449315 7.200000 -1.000000 -101.000000 0.000000 0.000000
78 1521449316 4.800000 -1.000000 -101.000000 0.000000 0.000000
78 1521449317 4.800000 -1.000000 -101.000000 0.000000 0.000000
78 1521449318 4.800000 -1.000000 -101.000000 0.000000 0.000000
78 1521449319 4.800000 -1.000000 -101.000000 0.000000 0.000000
78 1521449320 4.800000 -1.000000 -101.000000 0.000000 0.000000
78 1521449321 7.200000 -1.000000 -101.000000 0.000000 0.000000
78 1521449322 7.200000 -1.000000 -101.000000 0.000000 0.000000
78 1521449323 7.200000 -1.000000 -101.000000 0.000000 0.000000
78 1521449324 7.200000 -1.000000 -101.000000 0.000000 0.000000
78 1521449325 7.200000 -1.000000 -101.000000 0.000000 0.000000
78 1521449326 6.400000 -1.000000 -101.000000 0.000000 0.000000
78 1521449327 6.400000 -1.000000 -101.000000 0.000000 0.000000
78 1521449328 6.400000 -1.000000 -101.000000 0.000000 0.000000
78 1521449329 6.400000 -1.000000 -101.000000 0.000000 0.000000
78 1521449330 6.400000 -1.000000 -101.000000 0.000000 0.000000
78 1521449331 10.800000 -1.000000 -101.000000 0.000000 0.000000
78 1521449332 10.800000 -1.000000 -101.000000 0.000000 0.000000
78 1521449333 10.800000 -1.000000 -101.000000 0.000000 0.000000
78 1521449334 10.800000 -1.000000 -101.000000 0.000000 0.000000
78 1521449335 10.800000 -1.000000 -101.000000 0.000000 0.000000
78 1521449336 9.600000 -1.000000 -101.000000 0.000000 0.000000
78 1521449337 9.600000 -1.000000 -101.000000 0.000000 0.000000
78 1521449338 9.600000 -1.000000 -101.000000 0.000000 0.000000
78 1521449339 9.600000 -1.000000 -101.000000 0.000000 0.000000
78 1521449340 9.600000 -1.000000 -101.000000 0.000000 0.000000
78 1521449341 8.400000 -1.000000 -101.000000 0.000000 0.000000
78 1521449342 8.400000 -1.000000 -101.000000 0.000000 0.000000
78 1521449343 8.400000 -1.000000 -101.000000 0.000000 0.000000
78 1521449344 8.400000 -1.000000 -101.000000 0.000000 0.000000
78 1521449345 8.400000 -1.000000 -101.000000 0.000000 0.000000
78 1521449346 8.000000 -1.000000 -101.000000 0.000000 0.000000
78 1521449347 8.000000 -1.000000 -101.000000 0.000000 0.000000
78 1521449348 8.000000 -1.000000 -101.000000 0.000000 0.000000
78 1521449349 8.000000 -1.000000 -101.000000 0.000000 0.000000
78 1521449350 8.000000 -1.000000 -101.000000 0.000000 0.000000
78 1521449351 8.400000 -1.000000 -101.000000 0.000000 0.000000
78 1521449352 8.400000 -1.000000 -101.000000 0.000000 0.000000
78 1521449353 8.400000 -1.000000 -101.000000 0.000000 0.000000
78 1521449354 8.400000 -1.000000 -101.000000 0.000000 0.000000
78 1521449355 8.400000 -1.000000 -101.000000 0.000000 0.000000
78 1521449356 11.200000 -1.000000 -101.000000 0.000000 0.000000
78 1521449357 11.200000 -1.000000 -101.000000 0.000000 0.000000
78 1521449358 11.200000 -1.000000 -101.000000 0.000000 0.000000
78 1521449359 11.200000 -1.000000 -101.000000 0.000000 0.000000
78 1521449360 11.200000 -1.000000 -101.000000 0.000000 0.000000
78 1521449361 7.600000 -1.000000 -101.000000 0.000000 0.000000
78 1521449362 7.600000 -1.000000 -101.000000 0.000000 0.000000
78 1521449363 7.600000 -1.000000 -101.000000 0.000000 0.000000
78 1521449364 7.600000 -1.000000 -101.000000 0.000000 0.000000
78 1521449365 7.600000 -1.000000 -101.000000 0.000000 0.000000
78 1521449366 4.800000 -1.000000 -101.000000 0.000000 0.000000
78 1521449367 4.800000 -1.000000 -101.000000 0.000000 0.000000
78 1521449368 4.800000 -1.000000 -101.000000 0.000000 0.000000
78 1521449369 4.800000 -1.000000 -101.000000 0.000000 0.000000
78 1521449370 4.800000 -1.000000 -101.000000 0.000000 0.000000
78 1521449371 9.200000 -1.000000 -101.000000 0.000000 0.000000
78 1521449372 9.200000 -1.000000 -101.000000 0.000000 0.000000
78 1521449373 9.200000 -1.000000 -101.000000 0.000000 0.000000
78 1521449374 9.200000 -1.000000 -101.000000 0.000000 0.000000
78 1521449375 9.200000 -1.000000 -101.000000 0.000000 0.000000
78 1521449376 4.400000 -1.000000 -101.000000 0.000000 0.000000
78 1521449377 4.400000 -1.000000 -101.000000 0.000000 0.000000
78 1521449378 4.400000 -1.000000 -101.000000 0.000000 0.000000
78 1521449379 4.400000 -1.000000 -101.000000 0.000000 0.000000
78 1521449380 4.400000 -1.000000 -101.000000 0.000000 0.000000
78 1521449381 12.000000 -1.000000 -101.000000 0.000000 0.000000
78 1521449382 12.000000 -1.000000 -101.000000 0.000000 0.000000
78 1521449383 12.000000 -1.000000 -101.000000 0.000000 0.000000
78 1521449384 12.000000 -1.000000 -101.000000 0.000000 0.000000
78 1521449385 12.000000 -1.000000 -101.000000 0.000000 0.000000
78 1521449386 9.600000 -1.000000 -101.000000 0.000000 0.000000
78 1521449387 9.600000 -1.000000 -101.000000 0.000000 0.000000
78 1521449388 9.600000 -1.000000 -101.000000 0.000000 0.000000
78 1521449389 9.600000 -1.000000 -101.000000 0.000000 0.000000
78 1521449390 9.600000 -1.000000 -101.000000 0.000000 0.000000
78 1521449391 3.600000 -1.000000 -101.000000 0.000000 0.000000
78 1521449392 3.600000 -1.000000 -101.000000 0.000000 0.000000
78 1521449393 3.600000 -1.000000 -101.000000 0.000000 0.000000
78 1521449394 3.600000 -1.000000 -101.000000 0.000000 0.000000
78 1521449395 3.600000 -1.000000 -101.000000 0.000000 0.000000
78 1521449396 9.600000 -1.000000 -101.000000 0.000000 0.000000
78 1521449397 9.600000 -1.000000 -101.000000 0.000000 0.000000
78 1521449398 9.600000 -1.000000 -101.000000 0.000000 0.000000
78 1521449399 9.600000 -1.000000 -101.000000 0.000000 0.000000
78 1521449400 9.600000 -1.000000 -101.000000 0.000000 0.000000
78 1521449401 4.000000 -1.000000 -101.000000 0.000000 0.000000
78 1521449402 4.000000 -1.000000 -101.000000 0.000000 0.000000
78 1521449403 4.000000 -1.000000 -101.000000 0.000000 0.000000
78 1521449404 4.000000 -1.000000 -101.000000 0.000000 0.000000
78 1521449405 4.000000 -1.000000 -101.000000 0.000000 0.000000
78 1521449406 10.000000 -1.000000 -101.000000 0.000000 0.000000
78 1521449407 10.000000 -1.000000 -101.000000 0.000000 0.000000
78 1521449408 10.000000 -1.000000 -101.000000 0.000000 0.000000
78 1521449409 10.000000 -1.000000 -101.000000 0.000000 0.000000
78 1521449410 10.000000 -1.000000 -101.000000 0.000000 0.000000
78 1521449411 8.400000 -1.000000 -101.000000 0.000000 0.000000
78 1521449412 8.400000 -1.000000 -101.000000 0.000000 0.000000
78 1521449413 8.400000 -1.000000 -101.000000 0.000000 0.000000
78 1521449414 8.400000 -1.000000 -101.000000 0.000000 0.000000
78 1521449415 8.400000 -1.000000 -101.000000 0.000000 0.000000
78 1521449416 6.200000 -1.000000 -101.000000 0.000000 0.000000
78 1521449417 6.200000 -1.000000 -101.000000 0.000000 0.000000
78 1521449418 6.200000 -1.000000 -101.000000 0.000000 0.000000
78 1521449419 6.200000 -1.000000 -101.000000 0.000000 0.000000
78 1521449420 6.200000 -1.000000 -101.000000 0.000000 0.000000
78 1521449421 8.200000 -1.000000 -101.000000 0.000000 0.000000
78 1521449422 8.200000 -1.000000 -101.000000 0.000000 0.000000
78 1521449423 8.200000 -1.000000 -101.000000 0.000000 0.000000
78 1521449424 8.200000 -1.000000 -101.000000 0.000000 0.000000
78 1521449425 8.200000 -1.000000 -101.000000 0.000000 0.000000
78 1521449426 8.200000 -1.000000 -101.000000 0.000000 0.000000
78 1521449427 8.200000 -1.000000 -101.000000 0.000000 0.000000
78 1521449428 8.200000 -1.000000 -101.000000 0.000000 0.000000
78 1521449429 8.200000 -1.000000 -101.000000 0.000000 0.000000
78 1521449430 8.200000 -1.000000 -101.000000 0.000000 0.000000
78 1521449431 3.200000 -1.000000 -101.000000 0.000000 0.000000
78 1521449432 3.200000 -1.000000 -101.000000 0.000000 0.000000
78 1521449433 3.200000 -1.000000 -101.000000 0.000000 0.000000
78 1521449434 3.200000 -1.000000 -101.000000 0.000000 0.000000
78 1521449435 3.200000 -1.000000 -101.000000 0.000000 0.000000
78 1521449436 4.600000 -1.000000 -101.000000 0.000000 0.000000
78 1521449437 4.600000 -1.000000 -101.000000 0.000000 0.000000
78 1521449438 4.600000 -1.000000 -101.000000 0.000000 0.000000
78 1521449439 4.600000 -1.000000 -101.000000 0.000000 0.000000
78 1521449440 4.600000 -1.000000 -101.000000 0.000000 0.000000
78 1521449441 6.200000 -1.000000 -101.000000 0.000000 0.000000
78 1521449442 6.200000 -1.000000 -101.000000 0.000000 0.000000
78 1521449443 6.200000 -1.000000 -101.000000 0.000000 0.000000
78 1521449444 6.200000 -1.000000 -101.000000 0.000000 0.000000
78 1521449445 6.200000 -1.000000 -101.000000 0.000000 0.000000
78 1521449446 7.400000 -1.000000 -101.000000 0.000000 0.000000
78 1521449447 7.400000 -1.000000 -101.000000 0.000000 0.000000
78 1521449448 7.400000 -1.000000 -101.000000 0.000000 0.000000
78 1521449449 7.400000 -1.000000 -101.000000 0.000000 0.000000
78 1521449450 7.400000 -1.000000 -101.000000 0.000000 0.000000
78 1521449451 5.600000 -1.000000 -101.000000 0.000000 0.000000
78 1521449452 5.600000 -1.000000 -101.000000 0.000000 0.000000
78 1521449453 5.600000 -1.000000 -101.000000 0.000000 0.000000
78 1521449454 5.600000 -1.000000 -101.000000 0.000000 0.000000
78 1521449455 5.600000 -1.000000 -101.000000 0.000000 0.000000
78 1521449456 6.400000 -1.000000 -101.000000 0.000000 0.000000
78 1521449457 6.400000 -1.000000 -101.000000 0.000000 0.000000
78 1521449458 6.400000 -1.000000 -101.000000 0.000000 0.000000
78 1521449459 6.400000 -1.000000 -101.000000 0.000000 0.000000
78 1521449460 6.400000 -1.000000 -101.000000 0.000000 0.000000
78 1521449461 4.800000 -1.000000 -101.000000 0.000000 0.000000
78 1521449462 4.800000 -1.000000 -101.000000 0.000000 0.000000
78 1521449463 4.800000 -1.000000 -101.000000 0.000000 0.000000
78 1521449464 4.800000 -1.000000 -101.000000 0.000000 0.000000
78 1521449465 4.800000 -1.000000 -101.000000 0.000000 0.000000
78 1521449466 5.600000 -1.000000 -101.000000 0.000000 0.000000
78 1521449467 5.600000 -1.000000 -101.000000 0.000000 0.000000
78 1521449468 5.600000 -1.000000 -101.000000 0.000000 0.000000
78 1521449469 5.600000 -1.000000 -101.000000 0.000000 0.000000
78 1521449470 5.600000 -1.000000 -101.000000 0.000000 0.000000
78 1521449471 10.000000 -1.000000 -101.000000 0.000000 0.000000
78 1521449472 10.000000 -1.000000 -101.000000 0.000000 0.000000
78 1521449473 10.000000 -1.000000 -101.000000 0.000000 0.000000
78 1521449474 10.000000 -1.000000 -101.000000 0.000000 0.000000
78 1521449475 10.000000 -1.000000 -101.000000 0.000000 0.000000
78 1521449476 4.000000 -1.000000 -101.000000 0.000000 0.000000
78 1521449477 4.000000 -1.000000 -101.000000 0.000000 0.000000
78 1521449478 4.000000 -1.000000 -101.000000 0.000000 0.000000
78 1521449479 4.000000 -1.000000 -101.000000 0.000000 0.000000
78 1521449480 4.000000 -1.000000 -101.000000 0.000000 0.000000
78 1521449481 10.800000 -1.000000 -101.000000 0.000000 0.000000
78 1521449482 10.800000 -1.000000 -101.000000 0.000000 0.000000
78 1521449483 10.800000 -1.000000 -101.000000 0.000000 0.000000
78 1521449484 10.800000 -1.000000 -101.000000 0.000000 0.000000
78 1521449485 10.800000 -1.000000 -101.000000 0.000000 0.000000
78 1521449486 2.000000 -1.000000 -101.000000 0.000000 0.000000
78 1521449487 2.000000 -1.000000 -101.000000 0.000000 0.000000
78 1521449488 2.000000 -1.000000 -101.000000 0.000000 0.000000
78 1521449489 2.000000 -1.000000 -101.000000 0.000000 0.000000
78 1521449490 2.000000 -1.000000 -101.000000 0.000000 0.000000
78 1521449491 9.200000 -1.000000 -101.000000 0.000000 0.000000
78 1521449492 9.200000 -1.000000 -101.000000 0.000000 0.000000
78 1521449493 9.200000 -1.000000 -101.000000 0.000000 0.000000
78 1521449494 9.200000 -1.000000 -101.000000 0.000000 0.000000
78 1521449495 9.200000 -1.000000 -101.000000 0.000000 0.000000
78 1521449496 8.000000 -1.000000 -101.000000 0.000000 0.000000
78 1521449497 8.000000 -1.000000 -101.000000 0.000000 0.000000
78 1521449498 8.000000 -1.000000 -101.000000 0.000000 0.000000
78 1521449499 8.000000 -1.000000 -101.000000 0.000000 0.000000
78 1521449500 8.000000 -1.000000 -101.000000 0.000000 0.000000
78 1521449501 3.600000 -1.000000 -101.000000 0.000000 0.000000
78 1521449502 3.600000 -1.000000 -101.000000 0.000000 0.000000
78 1521449503 3.600000 -1.000000 -101.000000 0.000000 0.000000
78 1521449504 3.600000 -1.000000 -101.000000 0.000000 0.000000
78 1521449505 3.600000 -1.000000 -101.000000 0.000000 0.000000
78 1521449506 1.200000 -1.000000 -101.000000 0.000000 0.000000
78 1521449507 1.200000 -1.000000 -101.000000 0.000000 0.000000
78 1521449508 1.200000 -1.000000 -101.000000 0.000000 0.000000
78 1521449509 1.200000 -1.000000 -101.000000 0.000000 0.000000
78 1521449510 1.200000 -1.000000 -101.000000 0.000000 0.000000
78 1521449511 11.600000 -1.000000 -101.000000 0.000000 0.000000
78 1521449512 11.600000 -1.000000 -101.000000 0.000000 0.000000
78 1521449513 11.600000 -1.000000 -101.000000 0.000000 0.000000
78 1521449514 11.600000 -1.000000 -101.000000 0.000000 0.000000
78 1521449515 11.600000 -1.000000 -101.000000 0.000000 0.000000
78 1521449516 1.200000 -1.000000 -101.000000 0.000000 0.000000
78 1521449517 1.200000 -1.000000 -101.000000 0.000000 0.000000
78 1521449518 1.200000 -1.000000 -101.000000 0.000000 0.000000
78 1521449519 1.200000 -1.000000 -101.000000 0.000000 0.000000
78 1521449520 1.200000 -1.000000 -101.000000 0.000000 0.000000
78 1521449521 10.800000 -1.000000 -101.000000 0.000000 0.000000
78 1521449522 10.800000 -1.000000 -101.000000 0.000000 0.000000
78 1521449523 10.800000 -1.000000 -101.000000 0.000000 0.000000
78 1521449524 10.800000 -1.000000 -101.000000 0.000000 0.000000
78 1521449525 10.800000 -1.000000 -101.000000 0.000000 0.000000
78 1521449526 8.200000 -1.000000 -101.000000 0.000000 0.000000
78 1521449527 8.200000 -1.000000 -101.000000 0.000000 0.000000
78 1521449528 8.200000 -1.000000 -101.000000 0.000000 0.000000
78 1521449529 8.200000 -1.000000 -101.000000 0.000000 0.000000
78 1521449530 8.200000 -1.000000 -101.000000 0.000000 0.000000
78 1521449531 3.800000 -1.000000 -101.000000 0.000000 0.000000
78 1521449532 3.800000 -1.000000 -101.000000 0.000000 0.000000
78 1521449533 3.800000 -1.000000 -101.000000 0.000000 0.000000
78 1521449534 3.800000 -1.000000 -101.000000 0.000000 0.000000
78 1521449535 3.800000 -1.000000 -101.000000 0.000000 0.000000
78 1521449536 7.400000 -1.000000 -101.000000 0.000000 0.000000
78 1521449537 7.400000 -1.000000 -101.000000 0.000000 0.000000
78 1521449538 7.400000 -1.000000 -101.000000 0.000000 0.000000
78 1521449539 7.400000 -1.000000 -101.000000 0.000000 0.000000
78 1521449540 7.400000 -1.000000 -101.000000 0.000000 0.000000
78 1521449541 2.400000 -1.000000 -101.000000 0.000000 0.000000
78 1521449542 2.400000 -1.000000 -101.000000 0.000000 0.000000
78 1521449543 2.400000 -1.000000 -101.000000 0.000000 0.000000
78 1521449544 2.400000 -1.000000 -101.000000 0.000000 0.000000
78 1521449545 2.400000 -1.000000 -101.000000 0.000000 0.000000
78 1521449546 4.400000 -1.000000 -101.000000 0.000000 0.000000
78 1521449547 4.400000 -1.000000 -101.000000 0.000000 0.000000
78 1521449548 4.400000 -1.000000 -101.000000 0.000000 0.000000
78 1521449549 4.400000 -1.000000 -101.000000 0.000000 0.000000
78 1521449550 4.400000 -1.000000 -101.000000 0.000000 0.000000
78 1521449551 7.800000 -1.000000 -101.000000 0.000000 0.000000
78 1521449552 7.800000 -1.000000 -101.000000 0.000000 0.000000
78 1521449553 7.800000 -1.000000 -101.000000 0.000000 0.000000
78 1521449554 7.800000 -1.000000 -101.000000 0.000000 0.000000
78 1521449555 7.800000 -1.000000 -101.000000 0.000000 0.000000
78 1521449556 5.200000 -1.000000 -101.000000 0.000000 0.000000
78 1521449557 5.200000 -1.000000 -101.000000 0.000000 0.000000
78 1521449558 5.200000 -1.000000 -101.000000 0.000000 0.000000
78 1521449559 5.200000 -1.000000 -101.000000 0.000000 0.000000
78 1521449560 5.200000 -1.000000 -101.000000 0.000000 0.000000
78 1521449561 6.000000 -1.000000 -101.000000 0.000000 0.000000
78 1521449562 6.000000 -1.000000 -101.000000 0.000000 0.000000
78 1521449563 6.000000 -1.000000 -101.000000 0.000000 0.000000
78 1521449564 6.000000 -1.000000 -101.000000 0.000000 0.000000
78 1521449565 6.000000 -1.000000 -101.000000 0.000000 0.000000
78 1521449566 4.400000 -1.000000 -101.000000 0.000000 0.000000
78 1521449567 4.400000 -1.000000 -101.000000 0.000000 0.000000
78 1521449568 4.400000 -1.000000 -101.000000 0.000000 0.000000
78 1521449569 4.400000 -1.000000 -101.000000 0.000000 0.000000
78 1521449570 4.400000 -1.000000 -101.000000 0.000000 0.000000
78 1521449571 7.600000 -1.000000 -101.000000 0.000000 0.000000
78 1521449572 7.600000 -1.000000 -101.000000 0.000000 0.000000
78 1521449573 7.600000 -1.000000 -101.000000 0.000000 0.000000
78 1521449574 7.600000 -1.000000 -101.000000 0.000000 0.000000
78 1521449575 7.600000 -1.000000 -101.000000 0.000000 0.000000
78 1521449576 2.800000 -1.000000 -101.000000 0.000000 0.000000
78 1521449577 2.800000 -1.000000 -101.000000 0.000000 0.000000
78 1521449578 2.800000 -1.000000 -101.000000 0.000000 0.000000
78 1521449579 2.800000 -1.000000 -101.000000 0.000000 0.000000
78 1521449580 2.800000 -1.000000 -101.000000 0.000000 0.000000
78 1521449581 8.000000 -1.000000 -101.000000 0.000000 0.000000
78 1521449582 8.000000 -1.000000 -101.000000 0.000000 0.000000
78 1521449583 8.000000 -1.000000 -101.000000 0.000000 0.000000
78 1521449584 8.000000 -1.000000 -101.000000 0.000000 0.000000
78 1521449585 8.000000 -1.000000 -101.000000 0.000000 0.000000
78 1521449586 5.600000 -1.000000 -101.000000 0.000000 0.000000
78 1521449587 5.600000 -1.000000 -101.000000 0.000000 0.000000
78 1521449588 5.600000 -1.000000 -101.000000 0.000000 0.000000
78 1521449589 5.600000 -1.000000 -101.000000 0.000000 0.000000
78 1521449590 5.600000 -1.000000 -101.000000 0.000000 0.000000
78 1521449591 5.800000 -1.000000 -101.000000 0.000000 0.000000
78 1521449592 5.800000 -1.000000 -101.000000 0.000000 0.000000
78 1521449593 5.800000 -1.000000 -101.000000 0.000000 0.000000
78 1521449594 5.800000 -1.000000 -101.000000 0.000000 0.000000
78 1521449595 5.800000 -1.000000 -101.000000 0.000000 0.000000
78 1521449596 6.200000 -1.000000 -101.000000 0.000000 0.000000
78 1521449597 6.200000 -1.000000 -101.000000 0.000000 0.000000
78 1521449598 6.200000 -1.000000 -101.000000 0.000000 0.000000
78 1521449599 6.200000 -1.000000 -101.000000 0.000000 0.000000
78 1521449600 6.200000 -1.000000 -101.000000 0.000000 0.000000
78 1521449601 8.000000 -1.000000 -101.000000 0.000000 0.000000
78 1521449602 8.000000 -1.000000 -101.000000 0.000000 0.000000
78 1521449603 8.000000 -1.000000 -101.000000 0.000000 0.000000
78 1521449604 8.000000 -1.000000 -101.000000 0.000000 0.000000
78 1521449605 8.000000 -1.000000 -101.000000 0.000000 0.000000
78 1521449606 4.800000 -1.000000 -101.000000 0.000000 0.000000
78 1521449607 4.800000 -1.000000 -101.000000 0.000000 0.000000
78 1521449608 4.800000 -1.000000 -101.000000 0.000000 0.000000
78 1521449609 4.800000 -1.000000 -101.000000 0.000000 0.000000
78 1521449610 4.800000 -1.000000 -101.000000 0.000000 0.000000
78 1521449611 0.800000 -1.000000 -101.000000 0.000000 0.000000
78 1521449612 0.800000 -1.000000 -101.000000 0.000000 0.000000
78 1521449613 0.800000 -1.000000 -101.000000 0.000000 0.000000
78 1521449614 0.800000 -1.000000 -101.000000 0.000000 0.000000
78 1521449615 0.800000 -1.000000 -101.000000 0.000000 0.000000
78 1521449616 7.600000 -1.000000 -101.000000 0.000000 0.000000
78 1521449617 7.600000 -1.000000 -101.000000 0.000000 0.000000
78 1521449618 7.600000 -1.000000 -101.000000 0.000000 0.000000
78 1521449619 7.600000 -1.000000 -101.000000 0.000000 0.000000
78 1521449620 7.600000 -1.000000 -101.000000 0.000000 0.000000
78 1521449621 4.400000 -1.000000 -101.000000 0.000000 0.000000
78 1521449622 4.400000 -1.000000 -101.000000 0.000000 0.000000
78 1521449623 4.400000 -1.000000 -101.000000 0.000000 0.000000
78 1521449624 4.400000 -1.000000 -101.000000 0.000000 0.000000
78 1521449625 4.400000 -1.000000 -101.000000 0.000000 0.000000
78 1521449626 8.000000 -1.000000 -101.000000 0.000000 0.000000
78 1521449627 8.000000 -1.000000 -101.000000 0.000000 0.000000
78 1521449628 8.000000 -1.000000 -101.000000 0.000000 0.000000
78 1521449629 8.000000 -1.000000 -101.000000 0.000000 0.000000
78 1521449630 8.000000 -1.000000 -101.000000 0.000000 0.000000
78 1521449631 4.400000 -1.000000 -101.000000 0.000000 0.000000
78 1521449632 4.400000 -1.000000 -101.000000 0.000000 0.000000
78 1521449633 4.400000 -1.000000 -101.000000 0.000000 0.000000
78 1521449634 4.400000 -1.000000 -101.000000 0.000000 0.000000
78 1521449635 4.400000 -1.000000 -101.000000 0.000000 0.000000
78 1521449636 7.600000 -1.000000 -101.000000 0.000000 0.000000
78 1521449637 7.600000 -1.000000 -101.000000 0.000000 0.000000
78 1521449638 7.600000 -1.000000 -101.000000 0.000000 0.000000
78 1521449639 7.600000 -1.000000 -101.000000 0.000000 0.000000
78 1521449640 7.600000 -1.000000 -101.000000 0.000000 0.000000
78 1521449641 5.400000 -1.000000 -101.000000 0.000000 0.000000
78 1521449642 5.400000 -1.000000 -101.000000 0.000000 0.000000
78 1521449643 5.400000 -1.000000 -101.000000 0.000000 0.000000
78 1521449644 5.400000 -1.000000 -101.000000 0.000000 0.000000
78 1521449645 5.400000 -1.000000 -101.000000 0.000000 0.000000
78 1521449646 6.600000 -1.000000 -101.000000 0.000000 0.000000
78 1521449647 6.600000 -1.000000 -101.000000 0.000000 0.000000
78 1521449648 6.600000 -1.000000 -101.000000 0.000000 0.000000
78 1521449649 6.600000 -1.000000 -101.000000 0.000000 0.000000
78 1521449650 6.600000 -1.000000 -101.000000 0.000000 0.000000
78 1521449651 6.000000 -1.000000 -101.000000 0.000000 0.000000
78 1521449652 6.000000 -1.000000 -101.000000 0.000000 0.000000
78 1521449653 6.000000 -1.000000 -101.000000 0.000000 0.000000
78 1521449654 6.000000 -1.000000 -101.000000 0.000000 0.000000
78 1521449655 6.000000 -1.000000 -101.000000 0.000000 0.000000
78 1521449661 6.000000 -1.000000 -101.000000 0.000000 0.000000
78 1521449662 6.000000 -1.000000 -101.000000 0.000000 0.000000
78 1521449663 6.000000 -1.000000 -101.000000 0.000000 0.000000
78 1521449664 6.000000 -1.000000 -101.000000 0.000000 0.000000
78 1521449665 6.000000 -1.000000 -101.000000 0.000000 0.000000
78 1521449666 6.400000 -1.000000 -101.000000 0.000000 0.000000
78 1521449667 6.400000 -1.000000 -101.000000 0.000000 0.000000
78 1521449668 6.400000 -1.000000 -101.000000 0.000000 0.000000
78 1521449669 6.400000 -1.000000 -101.000000 0.000000 0.000000
78 1521449670 6.400000 -1.000000 -101.000000 0.000000 0.000000
78 1521449671 5.600000 -1.000000 -101.000000 0.000000 0.000000
78 1521449672 5.600000 -1.000000 -101.000000 0.000000 0.000000
78 1521449673 5.600000 -1.000000 -101.000000 0.000000 0.000000
78 1521449674 5.600000 -1.000000 -101.000000 0.000000 0.000000
78 1521449675 5.600000 -1.000000 -101.000000 0.000000 0.000000
78 1521449676 3.000000 -1.000000 -101.000000 0.000000 0.000000
78 1521449677 3.000000 -1.000000 -101.000000 0.000000 0.000000
78 1521449678 3.000000 -1.000000 -101.000000 0.000000 0.000000
78 1521449679 3.000000 -1.000000 -101.000000 0.000000 0.000000
78 1521449680 3.000000 -1.000000 -101.000000 0.000000 0.000000
78 1521449681 3.200000 -1.000000 -101.000000 0.000000 0.000000
78 1521449682 3.200000 -1.000000 -101.000000 0.000000 0.000000
78 1521449683 3.200000 -1.000000 -101.000000 0.000000 0.000000
78 1521449684 3.200000 -1.000000 -101.000000 0.000000 0.000000
78 1521449685 3.200000 -1.000000 -101.000000 0.000000 0.000000
78 1521449686 5.400000 -1.000000 -101.000000 0.000000 0.000000
78 1521449687 5.400000 -1.000000 -101.000000 0.000000 0.000000
78 1521449688 5.400000 -1.000000 -101.000000 0.000000 0.000000
78 1521449689 5.400000 -1.000000 -101.000000 0.000000 0.000000
78 1521449690 5.400000 -1.000000 -101.000000 0.000000 0.000000
78 1521449691 1.800000 -1.000000 -101.000000 0.000000 0.000000
78 1521449692 1.800000 -1.000000 -101.000000 0.000000 0.000000
78 1521449693 1.800000 -1.000000 -101.000000 0.000000 0.000000
78 1521449694 1.800000 -1.000000 -101.000000 0.000000 0.000000
78 1521449695 1.800000 -1.000000 -101.000000 0.000000 0.000000
78 1521449696 6.400000 -1.000000 -101.000000 0.000000 0.000000
78 1521449697 6.400000 -1.000000 -101.000000 0.000000 0.000000
78 1521449698 6.400000 -1.000000 -101.000000 0.000000 0.000000
78 1521449699 6.400000 -1.000000 -101.000000 0.000000 0.000000
78 1521449700 6.400000 -1.000000 -101.000000 0.000000 0.000000
78 1521449701 2.200000 -1.000000 -101.000000 0.000000 0.000000
78 1521449702 2.200000 -1.000000 -101.000000 0.000000 0.000000
78 1521449703 2.200000 -1.000000 -101.000000 0.000000 0.000000
78 1521449704 2.200000 -1.000000 -101.000000 0.000000 0.000000
78 1521449705 2.200000 -1.000000 -101.000000 0.000000 0.000000
78 1521449706 7.600000 -1.000000 -101.000000 0.000000 0.000000
78 1521449707 7.600000 -1.000000 -101.000000 0.000000 0.000000
78 1521449708 7.600000 -1.000000 -101.000000 0.000000 0.000000
78 1521449709 7.600000 -1.000000 -101.000000 0.000000 0.000000
78 1521449710 7.600000 -1.000000 -101.000000 0.000000 0.000000
78 1521449711 4.400000 -1.000000 -101.000000 0.000000 0.000000
78 1521449712 4.400000 -1.000000 -101.000000 0.000000 0.000000
78 1521449713 4.400000 -1.000000 -101.000000 0.000000 0.000000
78 1521449714 4.400000 -1.000000 -101.000000 0.000000 0.000000
78 1521449715 4.400000 -1.000000 -101.000000 0.000000 0.000000
78 1521449716 8.000000 -1.000000 -101.000000 0.000000 0.000000
78 1521449717 8.000000 -1.000000 -101.000000 0.000000 0.000000
78 1521449718 8.000000 -1.000000 -101.000000 0.000000 0.000000
78 1521449719 8.000000 -1.000000 -101.000000 0.000000 0.000000
78 1521449720 8.000000 -1.000000 -101.000000 0.000000 0.000000
78 1521449721 4.000000 -1.000000 -101.000000 0.000000 0.000000
78 1521449722 4.000000 -1.000000 -101.000000 0.000000 0.000000
78 1521449723 4.000000 -1.000000 -101.000000 0.000000 0.000000
78 1521449724 4.000000 -1.000000 -101.000000 0.000000 0.000000
78 1521449725 4.000000 -1.000000 -101.000000 0.000000 0.000000
78 1521449726 8.400000 -1.000000 -101.000000 0.000000 0.000000
78 1521449727 8.400000 -1.000000 -101.000000 0.000000 0.000000
78 1521449728 8.400000 -1.000000 -101.000000 0.000000 0.000000
78 1521449729 8.400000 -1.000000 -101.000000 0.000000 0.000000
78 1521449730 8.400000 -1.000000 -101.000000 0.000000 0.000000
78 1521449736 4.400000 -1.000000 -101.000000 0.000000 0.000000
78 1521449737 4.400000 -1.000000 -101.000000 0.000000 0.000000
78 1521449738 4.400000 -1.000000 -101.000000 0.000000 0.000000
78 1521449739 4.400000 -1.000000 -101.000000 0.000000 0.000000
78 1521449740 4.400000 -1.000000 -101.000000 0.000000 0.000000
78 1521449741 7.600000 -1.000000 -101.000000 0.000000 0.000000
78 1521449742 7.600000 -1.000000 -101.000000 0.000000 0.000000
78 1521449743 7.600000 -1.000000 -101.000000 0.000000 0.000000
78 1521449744 7.600000 -1.000000 -101.000000 0.000000 0.000000
78 1521449745 7.600000 -1.000000 -101.000000 0.000000 0.000000
78 1521449746 3.600000 -1.000000 -101.000000 0.000000 0.000000
78 1521449747 3.600000 -1.000000 -101.000000 0.000000 0.000000
78 1521449748 3.600000 -1.000000 -101.000000 0.000000 0.000000
78 1521449749 3.600000 -1.000000 -101.000000 0.000000 0.000000
78 1521449750 3.600000 -1.000000 -101.000000 0.000000 0.000000
78 1521449751 8.000000 -1.000000 -101.000000 0.000000 0.000000
78 1521449752 8.000000 -1.000000 -101.000000 0.000000 0.000000
78 1521449753 8.000000 -1.000000 -101.000000 0.000000 0.000000
78 1521449754 8.000000 -1.000000 -101.000000 0.000000 0.000000
78 1521449755 8.000000 -1.000000 -101.000000 0.000000 0.000000
78 1521449756 0.400000 -1.000000 -101.000000 0.000000 0.000000
78 1521449757 0.400000 -1.000000 -101.000000 0.000000 0.000000
78 1521449758 0.400000 -1.000000 -101.000000 0.000000 0.000000
78 1521449759 0.400000 -1.000000 -101.000000 0.000000 0.000000
78 1521449760 0.400000 -1.000000 -101.000000 0.000000 0.000000
78 1521449761 4.400000 -1.000000 -101.000000 0.000000 0.000000
78 1521449762 4.400000 -1.000000 -101.000000 0.000000 0.000000
78 1521449763 4.400000 -1.000000 -101.000000 0.000000 0.000000
78 1521449764 4.400000 -1.000000 -101.000000 0.000000 0.000000
78 1521449765 4.400000 -1.000000 -101.000000 0.000000 0.000000
78 1521449766 7.600000 -1.000000 -101.000000 0.000000 0.000000
78 1521449767 7.600000 -1.000000 -101.000000 0.000000 0.000000
78 1521449768 7.600000 -1.000000 -101.000000 0.000000 0.000000
78 1521449769 7.600000 -1.000000 -101.000000 0.000000 0.000000
78 1521449770 7.600000 -1.000000 -101.000000 0.000000 0.000000
78 1521449771 5.200000 -1.000000 -101.000000 0.000000 0.000000
78 1521449772 5.200000 -1.000000 -101.000000 0.000000 0.000000
78 1521449773 5.200000 -1.000000 -101.000000 0.000000 0.000000
78 1521449774 5.200000 -1.000000 -101.000000 0.000000 0.000000
78 1521449775 5.200000 -1.000000 -101.000000 0.000000 0.000000
78 1521449781 6.800000 -1.000000 -101.000000 0.000000 0.000000
78 1521449782 6.800000 -1.000000 -101.000000 0.000000 0.000000
78 1521449783 6.800000 -1.000000 -101.000000 0.000000 0.000000
78 1521449784 6.800000 -1.000000 -101.000000 0.000000 0.000000
78 1521449785 6.800000 -1.000000 -101.000000 0.000000 0.000000
78 1521449786 5.200000 -1.000000 -101.000000 0.000000 0.000000
78 1521449787 5.200000 -1.000000 -101.000000 0.000000 0.000000
78 1521449788 5.200000 -1.000000 -101.000000 0.000000 0.000000
78 1521449789 5.200000 -1.000000 -101.000000 0.000000 0.000000
78 1521449790 5.200000 -1.000000 -101.000000 0.000000 0.000000
78 1521449791 6.800000 -1.000000 -101.000000 0.000000 0.000000
78 1521449792 6.800000 -1.000000 -101.000000 0.000000 0.000000
78 1521449793 6.800000 -1.000000 -101.000000 0.000000 0.000000
78 1521449794 6.800000 -1.000000 -101.000000 0.000000 0.000000
78 1521449795 6.800000 -1.000000 -101.000000 0.000000 0.000000
78 1521449801 5.200000 -1.000000 -101.000000 0.000000 0.000000
78 1521449802 5.200000 -1.000000 -101.000000 0.000000 0.000000
78 1521449803 5.200000 -1.000000 -101.000000 0.000000 0.000000
78 1521449804 5.200000 -1.000000 -101.000000 0.000000 0.000000
78 1521449805 5.200000 -1.000000 -101.000000 0.000000 0.000000
78 1521449806 7.200000 -1.000000 -101.000000 0.000000 0.000000
78 1521449807 7.200000 -1.000000 -101.000000 0.000000 0.000000
78 1521449808 7.200000 -1.000000 -101.000000 0.000000 0.000000
78 1521449809 7.200000 -1.000000 -101.000000 0.000000 0.000000
78 1521449810 7.200000 -1.000000 -101.000000 0.000000 0.000000
78 1521449811 5.000000 -1.000000 -101.000000 0.000000 0.000000
78 1521449812 5.000000 -1.000000 -101.000000 0.000000 0.000000
78 1521449875 2.400000 -1.000000 2.400000 2.400000 0.000000
78 1521449874 2.400000 -1.000000 2.400000 2.400000 0.000000
78 1521449873 2.400000 -1.000000 2.400000 2.400000 0.000000
78 1521449872 2.400000 -1.000000 2.400000 2.400000 0.000000
78 1521449871 2.400000 -1.000000 2.400000 2.400000 0.000000
78 1521449870 6.800000 -1.000000 6.800000 6.800000 0.000000
78 1521449869 6.800000 -1.000000 6.800000 6.800000 0.000000
78 1521449868 6.800000 -1.000000 6.800000 6.800000 0.000000
78 1521449867 6.800000 -1.000000 6.800000 6.800000 0.000000
78 1521449866 6.800000 -1.000000 6.800000 6.800000 0.000000
78 1521449865 5.200000 -1.000000 5.200000 5.200000 0.000000
78 1521449864 5.200000 -1.000000 5.200000 5.200000 0.000000
78 1521449863 5.200000 -1.000000 5.200000 5.200000 0.000000
78 1521449862 5.200000 -1.000000 5.200000 5.200000 0.000000
78 1521449861 5.200000 -1.000000 5.200000 5.200000 0.000000
78 1521449855 6.800000 -1.000000 6.800000 6.800000 0.000000
78 1521449854 6.800000 -1.000000 6.800000 6.800000 0.000000
78 1521449853 6.800000 -1.000000 6.800000 6.800000 0.000000
78 1521449852 6.800000 -1.000000 6.800000 6.800000 0.000000
78 1521449851 6.800000 -1.000000 6.800000 6.800000 0.000000
78 1521449850 5.200000 -1.000000 5.200000 5.200000 0.000000
78 1521449849 5.200000 -1.000000 5.200000 5.200000 0.000000
78 1521449848 5.200000 -1.000000 5.200000 5.200000 0.000000
78 1521449847 5.200000 -1.000000 5.200000 5.200000 0.000000
78 1521449846 5.200000 -1.000000 5.200000 5.200000 0.000000
78 1521449840 6.800000 -1.000000 6.800000 6.800000 0.000000
78 1521449839 6.800000 -1.000000 6.800000 6.800000 0.000000
78 1521449838 6.800000 -1.000000 6.800000 6.800000 0.000000
78 1521449837 6.800000 -1.000000 6.800000 6.800000 0.000000
78 1521449836 6.800000 -1.000000 6.800000 6.800000 0.000000
78 1521449835 5.600000 -1.000000 5.600000 5.600000 0.000000
78 1521449834 5.600000 -1.000000 5.600000 5.600000 0.000000
78 1521449833 5.600000 -1.000000 5.600000 5.600000 0.000000
78 1521449832 5.600000 -1.000000 5.600000 5.600000 0.000000
78 1521449831 5.600000 -1.000000 5.600000 5.600000 0.000000
78 1521449830 6.800000 -1.000000 6.800000 6.800000 0.000000
78 1521449829 6.800000 -1.000000 6.800000 6.800000 0.000000
78 1521449828 6.800000 -1.000000 6.800000 6.800000 0.000000
78 1521449827 6.800000 -1.000000 6.800000 6.800000 0.000000
78 1521449826 6.800000 -1.000000 6.800000 6.800000 0.000000
78 1521449825 1.000000 -1.000000 1.000000 1.000000 0.000000
78 1521449824 1.000000 -1.000000 1.000000 1.000000 0.000000
78 1521449823 1.000000 -1.000000 1.000000 1.000000 0.000000
78 1521449822 1.000000 -1.000000 1.000000 1.000000 0.000000
78 1521449821 1.000000 -1.000000 1.000000 1.000000 0.000000
78 1521449815 5.000000 -1.000000 5.000000 5.000000 0.000000
78 1521449814 5.000000 -1.000000 5.000000 5.000000 0.000000
78 1521449813 5.000000 -1.000000 5.000000 5.000000 0.000000
78 1521449813 5.000000 -1.000000 -101.000000 0.000000 0.000000
78 1521449814 5.000000 -1.000000 -101.000000 0.000000 0.000000
78 1521449815 5.000000 -1.000000 -101.000000 0.000000 0.000000
78 1521449821 1.000000 -1.000000 -101.000000 0.000000 0.000000
78 1521449822 1.000000 -1.000000 -101.000000 0.000000 0.000000
78 1521449823 1.000000 -1.000000 -101.000000 0.000000 0.000000
78 1521449824 1.000000 -1.000000 -101.000000 0.000000 0.000000
78 1521449825 1.000000 -1.000000 -101.000000 0.000000 0.000000
78 1521449826 6.800000 -1.000000 -101.000000 0.000000 0.000000
78 1521449827 6.800000 -1.000000 -101.000000 0.000000 0.000000
78 1521449828 6.800000 -1.000000 -101.000000 0.000000 0.000000
78 1521449829 6.800000 -1.000000 -101.000000 0.000000 0.000000
78 1521449830 6.800000 -1.000000 -101.000000 0.000000 0.000000
78 1521449831 5.600000 -1.000000 -101.000000 0.000000 0.000000
78 1521449832 5.600000 -1.000000 -101.000000 0.000000 0.000000
78 1521449833 5.600000 -1.000000 -101.000000 0.000000 0.000000
78 1521449834 5.600000 -1.000000 -101.000000 0.000000 0.000000
78 1521449835 5.600000 -1.000000 -101.000000 0.000000 0.000000
78 1521449836 6.800000 -1.000000 -101.000000 0.000000 0.000000
78 1521449837 6.800000 -1.000000 -101.000000 0.000000 0.000000
78 1521449838 6.800000 -1.000000 -101.000000 0.000000 0.000000
78 1521449839 6.800000 -1.000000 -101.000000 0.000000 0.000000
78 1521449840 6.800000 -1.000000 -101.000000 0.000000 0.000000
78 1521449846 5.200000 -1.000000 -101.000000 0.000000 0.000000
78 1521449847 5.200000 -1.000000 -101.000000 0.000000 0.000000
78 1521449848 5.200000 -1.000000 -101.000000 0.000000 0.000000
78 1521449849 5.200000 -1.000000 -101.000000 0.000000 0.000000
78 1521449850 5.200000 -1.000000 -101.000000 0.000000 0.000000
78 1521449851 6.800000 -1.000000 -101.000000 0.000000 0.000000
78 1521449852 6.800000 -1.000000 -101.000000 0.000000 0.000000
78 1521449853 6.800000 -1.000000 -101.000000 0.000000 0.000000
78 1521449854 6.800000 -1.000000 -101.000000 0.000000 0.000000
78 1521449855 6.800000 -1.000000 -101.000000 0.000000 0.000000
78 1521449861 5.200000 -1.000000 -101.000000 0.000000 0.000000
78 1521449862 5.200000 -1.000000 -101.000000 0.000000 0.000000
78 1521449863 5.200000 -1.000000 -101.000000 0.000000 0.000000
78 1521449864 5.200000 -1.000000 -101.000000 0.000000 0.000000
78 1521449865 5.200000 -1.000000 -101.000000 0.000000 0.000000
78 1521449866 6.800000 -1.000000 -101.000000 0.000000 0.000000
78 1521449867 6.800000 -1.000000 -101.000000 0.000000 0.000000
78 1521449868 6.800000 -1.000000 -101.000000 0.000000 0.000000
78 1521449869 6.800000 -1.000000 -101.000000 0.000000 0.000000
78 1521449870 6.800000 -1.000000 -101.000000 0.000000 0.000000
78 1521449871 2.400000 -1.000000 -101.000000 0.000000 0.000000
78 1521449872 2.400000 -1.000000 -101.000000 0.000000 0.000000
78 1521449873 2.400000 -1.000000 -101.000000 0.000000 0.000000
78 1521449874 2.400000 -1.000000 -101.000000 0.000000 0.000000
78 1521449875 2.400000 -1.000000 -101.000000 0.000000 0.000000
78 1521449876 2.800000 -1.000000 -101.000000 0.000000 0.000000
78 1521449877 2.800000 -1.000000 -101.000000 0.000000 0.000000
78 1521449878 2.800000 -1.000000 -101.000000 0.000000 0.000000
78 1521449879 2.800000 -1.000000 -101.000000 0.000000 0.000000
78 1521449880 2.800000 -1.000000 -101.000000 0.000000 0.000000
78 1521449881 6.800000 -1.000000 -101.000000 0.000000 0.000000
78 1521449882 6.800000 -1.000000 -101.000000 0.000000 0.000000
78 1521449883 6.800000 -1.000000 -101.000000 0.000000 0.000000
78 1521449884 6.800000 -1.000000 -101.000000 0.000000 0.000000
78 1521449885 6.800000 -1.000000 -101.000000 0.000000 0.000000
78 1521449886 5.600000 -1.000000 -101.000000 0.000000 0.000000
78 1521449887 5.600000 -1.000000 -101.000000 0.000000 0.000000
78 1521449888 5.600000 -1.000000 -101.000000 0.000000 0.000000
78 1521449889 5.600000 -1.000000 -101.000000 0.000000 0.000000
78 1521449890 5.600000 -1.000000 -101.000000 0.000000 0.000000
78 1521449891 4.800000 -1.000000 -101.000000 0.000000 0.000000
78 1521449892 4.800000 -1.000000 -101.000000 0.000000 0.000000
78 1521449893 4.800000 -1.000000 -101.000000 0.000000 0.000000
78 1521449894 4.800000 -1.000000 -101.000000 0.000000 0.000000
78 1521449895 4.800000 -1.000000 -101.000000 0.000000 0.000000
78 1521449896 1.600000 -1.000000 -101.000000 0.000000 0.000000
78 1521449897 1.600000 -1.000000 -101.000000 0.000000 0.000000
78 1521449898 1.600000 -1.000000 -101.000000 0.000000 0.000000
78 1521449899 1.600000 -1.000000 -101.000000 0.000000 0.000000
78 1521449900 1.600000 -1.000000 -101.000000 0.000000 0.000000
78 1521449901 6.000000 -1.000000 -101.000000 0.000000 0.000000
78 1521449902 6.000000 -1.000000 -101.000000 0.000000 0.000000
78 1521449903 6.000000 -1.000000 -101.000000 0.000000 0.000000
78 1521449904 6.000000 -1.000000 -101.000000 0.000000 0.000000
78 1521449905 6.000000 -1.000000 -101.000000 0.000000 0.000000
78 1521449906 6.000000 -1.000000 -101.000000 0.000000 0.000000
78 1521449907 6.000000 -1.000000 -101.000000 0.000000 0.000000
78 1521449908 6.000000 -1.000000 -101.000000 0.000000 0.000000
78 1521449909 6.000000 -1.000000 -101.000000 0.000000 0.000000
78 1521449910 6.000000 -1.000000 -101.000000 0.000000 0.000000
78 1521449916 6.000000 -1.000000 -101.000000 0.000000 0.000000
78 1521449917 6.000000 -1.000000 -101.000000 0.000000 0.000000
78 1521449918 6.000000 -1.000000 -101.000000 0.000000 0.000000
78 1521449919 6.000000 -1.000000 -101.000000 0.000000 0.000000
78 1521449920 6.000000 -1.000000 -101.000000 0.000000 0.000000
78 1521449921 6.200000 -1.000000 -101.000000 0.000000 0.000000
78 1521449922 6.200000 -1.000000 -101.000000 0.000000 0.000000
78 1521449923 6.200000 -1.000000 -101.000000 0.000000 0.000000
78 1521449924 6.200000 -1.000000 -101.000000 0.000000 0.000000
78 1521449925 6.200000 -1.000000 -101.000000 0.000000 0.000000
78 1521449926 5.800000 -1.000000 -101.000000 0.000000 0.000000
78 1521449927 5.800000 -1.000000 -101.000000 0.000000 0.000000
78 1521449928 5.800000 -1.000000 -101.000000 0.000000 0.000000
78 1521449929 5.800000 -1.000000 -101.000000 0.000000 0.000000
78 1521449930 5.800000 -1.000000 -101.000000 0.000000 0.000000
78 1521449936 7.000000 -1.000000 -101.000000 0.000000 0.000000
78 1521449937 7.000000 -1.000000 -101.000000 0.000000 0.000000
78 1521449938 7.000000 -1.000000 -101.000000 0.000000 0.000000
78 1521449939 7.000000 -1.000000 -101.000000 0.000000 0.000000
78 1521449940 7.000000 -1.000000 -101.000000 0.000000 0.000000
78 1521449941 3.800000 -1.000000 -101.000000 0.000000 0.000000
78 1521449942 3.800000 -1.000000 -101.000000 0.000000 0.000000
78 1521449943 3.800000 -1.000000 -101.000000 0.000000 0.000000
78 1521449944 3.800000 -1.000000 -101.000000 0.000000 0.000000
78 1521449945 3.800000 -1.000000 -101.000000 0.000000 0.000000
78 1521449946 2.200000 -1.000000 -101.000000 0.000000 0.000000
78 1521449947 2.200000 -1.000000 -101.000000 0.000000 0.000000
78 1521449948 2.200000 -1.000000 -101.000000 0.000000 0.000000
78 1521449949 2.200000 -1.000000 -101.000000 0.000000 0.000000
78 1521449950 2.200000 -1.000000 -101.000000 0.000000 0.000000
78 1521449951 6.400000 -1.000000 -101.000000 0.000000 0.000000
78 1521449952 6.400000 -1.000000 -101.000000 0.000000 0.000000
78 1521449953 6.400000 -1.000000 -101.000000 0.000000 0.000000
78 1521449954 6.400000 -1.000000 -101.000000 0.000000 0.000000
78 1521449955 6.400000 -1.000000 -101.000000 0.000000 0.000000
78 1521449961 5.400000 -1.000000 -101.000000 0.000000 0.000000
78 1521449962 5.400000 -1.000000 -101.000000 0.000000 0.000000
78 1521449963 5.400000 -1.000000 -101.000000 0.000000 0.000000
78 1521449964 5.400000 -1.000000 -101.000000 0.000000 0.000000
78 1521449965 5.400000 -1.000000 -101.000000 0.000000 0.000000
78 1521449971 6.800000 -1.000000 -101.000000 0.000000 0.000000
78 1521449972 6.800000 -1.000000 -101.000000 0.000000 0.000000
78 1521449973 6.800000 -1.000000 -101.000000 0.000000 0.000000
78 1521449974 6.800000 -1.000000 -101.000000 0.000000 0.000000
78 1521449975 6.800000 -1.000000 -101.000000 0.000000 0.000000
78 1521449976 5.200000 -1.000000 -101.000000 0.000000 0.000000
78 1521449977 5.200000 -1.000000 -101.000000 0.000000 0.000000
78 1521449978 5.200000 -1.000000 -101.000000 0.000000 0.000000
78 1521449979 5.200000 -1.000000 -101.000000 0.000000 0.000000
78 1521449980 5.200000 -1.000000 -101.000000 0.000000 0.000000
78 1521449986 6.800000 -1.000000 -101.000000 0.000000 0.000000
78 1521449987 6.800000 -1.000000 -101.000000 0.000000 0.000000
78 1521449988 6.800000 -1.000000 -101.000000 0.000000 0.000000
78 1521449989 6.800000 -1.000000 -101.000000 0.000000 0.000000
78 1521449990 6.800000 -1.000000 -101.000000 0.000000 0.000000
78 1521449991 5.200000 -1.000000 -101.000000 0.000000 0.000000
78 1521449992 5.200000 -1.000000 -101.000000 0.000000 0.000000
78 1521449993 5.200000 -1.000000 -101.000000 0.000000 0.000000
78 1521449994 5.200000 -1.000000 -101.000000 0.000000 0.000000
78 1521449995 5.200000 -1.000000 -101.000000 0.000000 0.000000
78 1521449996 6.800000 -1.000000 -101.000000 0.000000 0.000000
78 1521449997 6.800000 -1.000000 -101.000000 0.000000 0.000000
78 1521449998 6.800000 -1.000000 -101.000000 0.000000 0.000000
78 1521449999 6.800000 -1.000000 -101.000000 0.000000 0.000000
78 1521450000 6.800000 -1.000000 -101.000000 0.000000 0.000000
78 1521450006 6.000000 -1.000000 -101.000000 0.000000 0.000000
78 1521450007 6.000000 -1.000000 -101.000000 0.000000 0.000000
78 1521450008 6.000000 -1.000000 -101.000000 0.000000 0.000000
78 1521450009 6.000000 -1.000000 -101.000000 0.000000 0.000000
78 1521450010 6.000000 -1.000000 -101.000000 0.000000 0.000000
78 1521450011 6.000000 -1.000000 -101.000000 0.000000 0.000000
78 1521450012 6.000000 -1.000000 -101.000000 0.000000 0.000000
78 1521450013 6.000000 -1.000000 -101.000000 0.000000 0.000000
78 1521450014 6.000000 -1.000000 -101.000000 0.000000 0.000000
78 1521450015 6.000000 -1.000000 -101.000000 0.000000 0.000000
78 1521450016 4.400000 -1.000000 -101.000000 0.000000 0.000000
78 1521450017 4.400000 -1.000000 -101.000000 0.000000 0.000000
78 1521450018 4.400000 -1.000000 -101.000000 0.000000 0.000000
78 1521450019 4.400000 -1.000000 -101.000000 0.00000