1525339316	0	1525339317
1525339317	1	1525339321
1525339321	2	1525339326
1525339326	3	1525339331
1525339331	4	1525339336
1525339336	5	1525339341
1525339341	6	1525339346
1525339346	7	1525339351
1525339351	8	1525339356
1525339356	9	1525339361
1525339361	10	1525339366
1525339366	11	1525339371
1525339371	12	1525339376
1525339376	13	1525339381
1525339381	14	1525339386
1525339386	15	1525339391
1525339391	16	1525339396
1525339396	17	1525339401
1525339401	18	1525339407
1525339407	19	1525339412
1525339412	20	1525368431
1525368431	19	1525368446
1525368446	18	1525368466
1525368466	17	1525368482
1525368482	16	1525368506
1525368506	15	1525368527
1525368527	14	1525368551
1525368551	13	1525368579
1525368579	12	1525368606
1525368606	11	1525368636
1525368636	10	1525368670
1525368670	9	1525368708
1525368708	8	1525368749
1525368749	7	1525368799
1525368799	6	1525368854
1525368854	5	1525368924
1525368924	4	1525369015
1525369015	3	1525369167
1525369167	2	1525369346
1525369346	1	1525369703
