76 1521449286 2756.400000 -1.000000 -101.000000 0.000000 0.000000
76 1521449287 2756.400000 -1.000000 -101.000000 0.000000 0.000000
76 1521449288 2756.400000 -1.000000 -101.000000 0.000000 0.000000
76 1521449289 2756.400000 -1.000000 -101.000000 0.000000 0.000000
76 1521449290 2756.400000 -1.000000 -101.000000 0.000000 0.000000
76 1521449291 2054.400000 -1.000000 -101.000000 0.000000 0.000000
76 1521449292 2054.400000 -1.000000 -101.000000 0.000000 0.000000
76 1521449293 2054.400000 -1.000000 -101.000000 0.000000 0.000000
76 1521449294 2054.400000 -1.000000 -101.000000 0.000000 0.000000
76 1521449295 2054.400000 -1.000000 -101.000000 0.000000 0.000000
76 1521449296 2998.800000 -1.000000 -101.000000 0.000000 0.000000
76 1521449297 2998.800000 -1.000000 -101.000000 0.000000 0.000000
76 1521449298 2998.800000 -1.000000 -101.000000 0.000000 0.000000
76 1521449299 2998.800000 -1.000000 -101.000000 0.000000 0.000000
76 1521449300 2998.800000 -1.000000 -101.000000 0.000000 0.000000
76 1521449301 4561.000000 -1.000000 -101.000000 0.000000 0.000000
76 1521449302 4561.000000 -1.000000 -101.000000 0.000000 0.000000
76 1521449303 4561.000000 -1.000000 -101.000000 0.000000 0.000000
76 1521449304 4561.000000 -1.000000 -101.000000 0.000000 0.000000
76 1521449305 4561.000000 -1.000000 -101.000000 0.000000 0.000000
76 1521449306 5262.200000 -1.000000 -101.000000 0.000000 0.000000
76 1521449307 5262.200000 -1.000000 -101.000000 0.000000 0.000000
76 1521449308 5262.200000 -1.000000 -101.000000 0.000000 0.000000
76 1521449309 5262.200000 -1.000000 -101.000000 0.000000 0.000000
76 1521449310 5262.200000 -1.000000 -101.000000 0.000000 0.000000
76 1521449311 3985.600000 -1.000000 -101.000000 0.000000 0.000000
76 1521449312 3985.600000 -1.000000 -101.000000 0.000000 0.000000
76 1521449313 3985.600000 -1.000000 -101.000000 0.000000 0.000000
76 1521449314 3985.600000 -1.000000 -101.000000 0.000000 0.000000
76 1521449315 3985.600000 -1.000000 -101.000000 0.000000 0.000000
76 1521449316 8452.800000 -1.000000 -101.000000 0.000000 0.000000
76 1521449317 8452.800000 -1.000000 -101.000000 0.000000 0.000000
76 1521449318 8452.800000 -1.000000 -101.000000 0.000000 0.000000
76 1521449319 8452.800000 -1.000000 -101.000000 0.000000 0.000000
76 1521449320 8452.800000 -1.000000 -101.000000 0.000000 0.000000
76 1521449321 5714.400000 -1.000000 -101.000000 0.000000 0.000000
76 1521449322 5714.400000 -1.000000 -101.000000 0.000000 0.000000
76 1521449323 5714.400000 -1.000000 -101.000000 0.000000 0.000000
76 1521449324 5714.400000 -1.000000 -101.000000 0.000000 0.000000
76 1521449325 5714.400000 -1.000000 -101.000000 0.000000 0.000000
76 1521449326 5725.800000 -1.000000 -101.000000 0.000000 0.000000
76 1521449327 5725.800000 -1.000000 -101.000000 0.000000 0.000000
76 1521449328 5725.800000 -1.000000 -101.000000 0.000000 0.000000
76 1521449329 5725.800000 -1.000000 -101.000000 0.000000 0.000000
76 1521449330 5725.800000 -1.000000 -101.000000 0.000000 0.000000
76 1521449331 9036.400000 -1.000000 -101.000000 0.000000 0.000000
76 1521449332 9036.400000 -1.000000 -101.000000 0.000000 0.000000
76 1521449333 9036.400000 -1.000000 -101.000000 0.000000 0.000000
76 1521449334 9036.400000 -1.000000 -101.000000 0.000000 0.000000
76 1521449335 9036.400000 -1.000000 -101.000000 0.000000 0.000000
76 1521449336 8141.000000 -1.000000 -101.000000 0.000000 0.000000
76 1521449337 8141.000000 -1.000000 -101.000000 0.000000 0.000000
76 1521449338 8141.000000 -1.000000 -101.000000 0.000000 0.000000
76 1521449339 8141.000000 -1.000000 -101.000000 0.000000 0.000000
76 1521449340 8141.000000 -1.000000 -101.000000 0.000000 0.000000
76 1521449341 5947.800000 -1.000000 -101.000000 0.000000 0.000000
76 1521449342 5947.800000 -1.000000 -101.000000 0.000000 0.000000
76 1521449343 5947.800000 -1.000000 -101.000000 0.000000 0.000000
76 1521449344 5947.800000 -1.000000 -101.000000 0.000000 0.000000
76 1521449345 5947.800000 -1.000000 -101.000000 0.000000 0.000000
76 1521449346 7595.600000 -1.000000 -101.000000 0.000000 0.000000
76 1521449347 7595.600000 -1.000000 -101.000000 0.000000 0.000000
76 1521449348 7595.600000 -1.000000 -101.000000 0.000000 0.000000
76 1521449349 7595.600000 -1.000000 -101.000000 0.000000 0.000000
76 1521449350 7595.600000 -1.000000 -101.000000 0.000000 0.000000
76 1521449351 9073.600000 -1.000000 -101.000000 0.000000 0.000000
76 1521449352 9073.600000 -1.000000 -101.000000 0.000000 0.000000
76 1521449353 9073.600000 -1.000000 -101.000000 0.000000 0.000000
76 1521449354 9073.600000 -1.000000 -101.000000 0.000000 0.000000
76 1521449355 9073.600000 -1.000000 -101.000000 0.000000 0.000000
76 1521449356 9167.600000 -1.000000 -101.000000 0.000000 0.000000
76 1521449357 9167.600000 -1.000000 -101.000000 0.000000 0.000000
76 1521449358 9167.600000 -1.000000 -101.000000 0.000000 0.000000
76 1521449359 9167.600000 -1.000000 -101.000000 0.000000 0.000000
76 1521449360 9167.600000 -1.000000 -101.000000 0.000000 0.000000
76 1521449361 8222.200000 -1.000000 -101.000000 0.000000 0.000000
76 1521449362 8222.200000 -1.000000 -101.000000 0.000000 0.000000
76 1521449363 8222.200000 -1.000000 -101.000000 0.000000 0.000000
76 1521449364 8222.200000 -1.000000 -101.000000 0.000000 0.000000
76 1521449365 8222.200000 -1.000000 -101.000000 0.000000 0.000000
76 1521449366 4177.000000 -1.000000 -101.000000 0.000000 0.000000
76 1521449367 4177.000000 -1.000000 -101.000000 0.000000 0.000000
76 1521449368 4177.000000 -1.000000 -101.000000 0.000000 0.000000
76 1521449369 4177.000000 -1.000000 -101.000000 0.000000 0.000000
76 1521449370 4177.000000 -1.000000 -101.000000 0.000000 0.000000
76 1521449371 6652.800000 -1.000000 -101.000000 0.000000 0.000000
76 1521449372 6652.800000 -1.000000 -101.000000 0.000000 0.000000
76 1521449373 6652.800000 -1.000000 -101.000000 0.000000 0.000000
76 1521449374 6652.800000 -1.000000 -101.000000 0.000000 0.000000
76 1521449375 6652.800000 -1.000000 -101.000000 0.000000 0.000000
76 1521449376 2797.000000 -1.000000 -101.000000 0.000000 0.000000
76 1521449377 2797.000000 -1.000000 -101.000000 0.000000 0.000000
76 1521449378 2797.000000 -1.000000 -101.000000 0.000000 0.000000
76 1521449379 2797.000000 -1.000000 -101.000000 0.000000 0.000000
76 1521449380 2797.000000 -1.000000 -101.000000 0.000000 0.000000
76 1521449381 9057.800000 -1.000000 -101.000000 0.000000 0.000000
76 1521449382 9057.800000 -1.000000 -101.000000 0.000000 0.000000
76 1521449383 9057.800000 -1.000000 -101.000000 0.000000 0.000000
76 1521449384 9057.800000 -1.000000 -101.000000 0.000000 0.000000
76 1521449385 9057.800000 -1.000000 -101.000000 0.000000 0.000000
76 1521449386 9988.600000 -1.000000 -101.000000 0.000000 0.000000
76 1521449387 9988.600000 -1.000000 -101.000000 0.000000 0.000000
76 1521449388 9988.600000 -1.000000 -101.000000 0.000000 0.000000
76 1521449389 9988.600000 -1.000000 -101.000000 0.000000 0.000000
76 1521449390 9988.600000 -1.000000 -101.000000 0.000000 0.000000
76 1521449391 8730.600000 -1.000000 -101.000000 0.000000 0.000000
76 1521449392 8730.600000 -1.000000 -101.000000 0.000000 0.000000
76 1521449393 8730.600000 -1.000000 -101.000000 0.000000 0.000000
76 1521449394 8730.600000 -1.000000 -101.000000 0.000000 0.000000
76 1521449395 8730.600000 -1.000000 -101.000000 0.000000 0.000000
76 1521449396 4895.000000 -1.000000 -101.000000 0.000000 0.000000
76 1521449397 4895.000000 -1.000000 -101.000000 0.000000 0.000000
76 1521449398 4895.000000 -1.000000 -101.000000 0.000000 0.000000
76 1521449399 4895.000000 -1.000000 -101.000000 0.000000 0.000000
76 1521449400 4895.000000 -1.000000 -101.000000 0.000000 0.000000
76 1521449401 3121.400000 -1.000000 -101.000000 0.000000 0.000000
76 1521449402 3121.400000 -1.000000 -101.000000 0.000000 0.000000
76 1521449403 3121.400000 -1.000000 -101.000000 0.000000 0.000000
76 1521449404 3121.400000 -1.000000 -101.000000 0.000000 0.000000
76 1521449405 3121.400000 -1.000000 -101.000000 0.000000 0.000000
76 1521449406 7563.400000 -1.000000 -101.000000 0.000000 0.000000
76 1521449407 7563.400000 -1.000000 -101.000000 0.000000 0.000000
76 1521449408 7563.400000 -1.000000 -101.000000 0.000000 0.000000
76 1521449409 7563.400000 -1.000000 -101.000000 0.000000 0.000000
76 1521449410 7563.400000 -1.000000 -101.000000 0.000000 0.000000
76 1521449411 8254.000000 -1.000000 -101.000000 0.000000 0.000000
76 1521449412 8254.000000 -1.000000 -101.000000 0.000000 0.000000
76 1521449413 8254.000000 -1.000000 -101.000000 0.000000 0.000000
76 1521449414 8254.000000 -1.000000 -101.000000 0.000000 0.000000
76 1521449415 8254.000000 -1.000000 -101.000000 0.000000 0.000000
76 1521449416 7394.400000 -1.000000 -101.000000 0.000000 0.000000
76 1521449417 7394.400000 -1.000000 -101.000000 0.000000 0.000000
76 1521449418 7394.400000 -1.000000 -101.000000 0.000000 0.000000
76 1521449419 7394.400000 -1.000000 -101.000000 0.000000 0.000000
76 1521449420 7394.400000 -1.000000 -101.000000 0.000000 0.000000
76 1521449421 4792.800000 -1.000000 -101.000000 0.000000 0.000000
76 1521449422 4792.800000 -1.000000 -101.000000 0.000000 0.000000
76 1521449423 4792.800000 -1.000000 -101.000000 0.000000 0.000000
76 1521449424 4792.800000 -1.000000 -101.000000 0.000000 0.000000
76 1521449425 4792.800000 -1.000000 -101.000000 0.000000 0.000000
76 1521449426 6747.000000 -1.000000 -101.000000 0.000000 0.000000
76 1521449427 6747.000000 -1.000000 -101.000000 0.000000 0.000000
76 1521449428 6747.000000 -1.000000 -101.000000 0.000000 0.000000
76 1521449429 6747.000000 -1.000000 -101.000000 0.000000 0.000000
76 1521449430 6747.000000 -1.000000 -101.000000 0.000000 0.000000
76 1521449431 5016.200000 -1.000000 -101.000000 0.000000 0.000000
76 1521449432 5016.200000 -1.000000 -101.000000 0.000000 0.000000
76 1521449433 5016.200000 -1.000000 -101.000000 0.000000 0.000000
76 1521449434 5016.200000 -1.000000 -101.000000 0.000000 0.000000
76 1521449435 5016.200000 -1.000000 -101.000000 0.000000 0.000000
76 1521449436 656.400000 -1.000000 -101.000000 0.000000 0.000000
76 1521449437 656.400000 -1.000000 -101.000000 0.000000 0.000000
76 1521449438 656.400000 -1.000000 -101.000000 0.000000 0.000000
76 1521449439 656.400000 -1.000000 -101.000000 0.000000 0.000000
76 1521449440 656.400000 -1.000000 -101.000000 0.000000 0.000000
76 1521449441 8805.800000 -1.000000 -101.000000 0.000000 0.000000
76 1521449442 8805.800000 -1.000000 -101.000000 0.000000 0.000000
76 1521449443 8805.800000 -1.000000 -101.000000 0.000000 0.000000
76 1521449444 8805.800000 -1.000000 -101.000000 0.000000 0.000000
76 1521449445 8805.800000 -1.000000 -101.000000 0.000000 0.000000
76 1521449446 4246.600000 -1.000000 -101.000000 0.000000 0.000000
76 1521449447 4246.600000 -1.000000 -101.000000 0.000000 0.000000
76 1521449448 4246.600000 -1.000000 -101.000000 0.000000 0.000000
76 1521449449 4246.600000 -1.000000 -101.000000 0.000000 0.000000
76 1521449450 4246.600000 -1.000000 -101.000000 0.000000 0.000000
76 1521449451 7328.600000 -1.000000 -101.000000 0.000000 0.000000
76 1521449452 7328.600000 -1.000000 -101.000000 0.000000 0.000000
76 1521449453 7328.600000 -1.000000 -101.000000 0.000000 0.000000
76 1521449454 7328.600000 -1.000000 -101.000000 0.000000 0.000000
76 1521449455 7328.600000 -1.000000 -101.000000 0.000000 0.000000
76 1521449456 7152.000000 -1.000000 -101.000000 0.000000 0.000000
76 1521449457 7152.000000 -1.000000 -101.000000 0.000000 0.000000
76 1521449458 7152.000000 -1.000000 -101.000000 0.000000 0.000000
76 1521449459 7152.000000 -1.000000 -101.000000 0.000000 0.000000
76 1521449460 7152.000000 -1.000000 -101.000000 0.000000 0.000000
76 1521449461 2381.200000 -1.000000 -101.000000 0.000000 0.000000
76 1521449462 2381.200000 -1.000000 -101.000000 0.000000 0.000000
76 1521449463 2381.200000 -1.000000 -101.000000 0.000000 0.000000
76 1521449464 2381.200000 -1.000000 -101.000000 0.000000 0.000000
76 1521449465 2381.200000 -1.000000 -101.000000 0.000000 0.000000
76 1521449466 7706.800000 -1.000000 -101.000000 0.000000 0.000000
76 1521449467 7706.800000 -1.000000 -101.000000 0.000000 0.000000
76 1521449468 7706.800000 -1.000000 -101.000000 0.000000 0.000000
76 1521449469 7706.800000 -1.000000 -101.000000 0.000000 0.000000
76 1521449470 7706.800000 -1.000000 -101.000000 0.000000 0.000000
76 1521449471 6089.600000 -1.000000 -101.000000 0.000000 0.000000
76 1521449472 6089.600000 -1.000000 -101.000000 0.000000 0.000000
76 1521449473 6089.600000 -1.000000 -101.000000 0.000000 0.000000
76 1521449474 6089.600000 -1.000000 -101.000000 0.000000 0.000000
76 1521449475 6089.600000 -1.000000 -101.000000 0.000000 0.000000
76 1521449476 2951.800000 -1.000000 -101.000000 0.000000 0.000000
76 1521449477 2951.800000 -1.000000 -101.000000 0.000000 0.000000
76 1521449478 2951.800000 -1.000000 -101.000000 0.000000 0.000000
76 1521449479 2951.800000 -1.000000 -101.000000 0.000000 0.000000
76 1521449480 2951.800000 -1.000000 -101.000000 0.000000 0.000000
76 1521449481 6915.800000 -1.000000 -101.000000 0.000000 0.000000
76 1521449482 6915.800000 -1.000000 -101.000000 0.000000 0.000000
76 1521449483 6915.800000 -1.000000 -101.000000 0.000000 0.000000
76 1521449484 6915.800000 -1.000000 -101.000000 0.000000 0.000000
76 1521449485 6915.800000 -1.000000 -101.000000 0.000000 0.000000
76 1521449486 7344.600000 -1.000000 -101.000000 0.000000 0.000000
76 1521449487 7344.600000 -1.000000 -101.000000 0.000000 0.000000
76 1521449488 7344.600000 -1.000000 -101.000000 0.000000 0.000000
76 1521449489 7344.600000 -1.000000 -101.000000 0.000000 0.000000
76 1521449490 7344.600000 -1.000000 -101.000000 0.000000 0.000000
76 1521449491 6534.600000 -1.000000 -101.000000 0.000000 0.000000
76 1521449492 6534.600000 -1.000000 -101.000000 0.000000 0.000000
76 1521449493 6534.600000 -1.000000 -101.000000 0.000000 0.000000
76 1521449494 6534.600000 -1.000000 -101.000000 0.000000 0.000000
76 1521449495 6534.600000 -1.000000 -101.000000 0.000000 0.000000
76 1521449496 5126.800000 -1.000000 -101.000000 0.000000 0.000000
76 1521449497 5126.800000 -1.000000 -101.000000 0.000000 0.000000
76 1521449498 5126.800000 -1.000000 -101.000000 0.000000 0.000000
76 1521449499 5126.800000 -1.000000 -101.000000 0.000000 0.000000
76 1521449500 5126.800000 -1.000000 -101.000000 0.000000 0.000000
76 1521449501 81.600000 -1.000000 -101.000000 0.000000 0.000000
76 1521449502 81.600000 -1.000000 -101.000000 0.000000 0.000000
76 1521449503 81.600000 -1.000000 -101.000000 0.000000 0.000000
76 1521449504 81.600000 -1.000000 -101.000000 0.000000 0.000000
76 1521449505 81.600000 -1.000000 -101.000000 0.000000 0.000000
76 1521449506 7641.400000 -1.000000 -101.000000 0.000000 0.000000
76 1521449507 7641.400000 -1.000000 -101.000000 0.000000 0.000000
76 1521449508 7641.400000 -1.000000 -101.000000 0.000000 0.000000
76 1521449509 7641.400000 -1.000000 -101.000000 0.000000 0.000000
76 1521449510 7641.400000 -1.000000 -101.000000 0.000000 0.000000
76 1521449511 3489.200000 -1.000000 -101.000000 0.000000 0.000000
76 1521449512 3489.200000 -1.000000 -101.000000 0.000000 0.000000
76 1521449513 3489.200000 -1.000000 -101.000000 0.000000 0.000000
76 1521449514 3489.200000 -1.000000 -101.000000 0.000000 0.000000
76 1521449515 3489.200000 -1.000000 -101.000000 0.000000 0.000000
76 1521449516 7898.200000 -1.000000 -101.000000 0.000000 0.000000
76 1521449517 7898.200000 -1.000000 -101.000000 0.000000 0.000000
76 1521449518 7898.200000 -1.000000 -101.000000 0.000000 0.000000
76 1521449519 7898.200000 -1.000000 -101.000000 0.000000 0.000000
76 1521449520 7898.200000 -1.000000 -101.000000 0.000000 0.000000
76 1521449521 3824.000000 -1.000000 -101.000000 0.000000 0.000000
76 1521449522 3824.000000 -1.000000 -101.000000 0.000000 0.000000
76 1521449523 3824.000000 -1.000000 -101.000000 0.000000 0.000000
76 1521449524 3824.000000 -1.000000 -101.000000 0.000000 0.000000
76 1521449525 3824.000000 -1.000000 -101.000000 0.000000 0.000000
76 1521449526 8770.200000 -1.000000 -101.000000 0.000000 0.000000
76 1521449527 8770.200000 -1.000000 -101.000000 0.000000 0.000000
76 1521449528 8770.200000 -1.000000 -101.000000 0.000000 0.000000
76 1521449529 8770.200000 -1.000000 -101.000000 0.000000 0.000000
76 1521449530 8770.200000 -1.000000 -101.000000 0.000000 0.000000
76 1521449531 611.800000 -1.000000 -101.000000 0.000000 0.000000
76 1521449532 611.800000 -1.000000 -101.000000 0.000000 0.000000
76 1521449533 611.800000 -1.000000 -101.000000 0.000000 0.000000
76 1521449534 611.800000 -1.000000 -101.000000 0.000000 0.000000
76 1521449535 611.800000 -1.000000 -101.000000 0.000000 0.000000
76 1521449536 8360.400000 -1.000000 -101.000000 0.000000 0.000000
76 1521449537 8360.400000 -1.000000 -101.000000 0.000000 0.000000
76 1521449538 8360.400000 -1.000000 -101.000000 0.000000 0.000000
76 1521449539 8360.400000 -1.000000 -101.000000 0.000000 0.000000
76 1521449540 8360.400000 -1.000000 -101.000000 0.000000 0.000000
76 1521449541 2849.600000 -1.000000 -101.000000 0.000000 0.000000
76 1521449542 2849.600000 -1.000000 -101.000000 0.000000 0.000000
76 1521449543 2849.600000 -1.000000 -101.000000 0.000000 0.000000
76 1521449544 2849.600000 -1.000000 -101.000000 0.000000 0.000000
76 1521449545 2849.600000 -1.000000 -101.000000 0.000000 0.000000
76 1521449546 5526.200000 -1.000000 -101.000000 0.000000 0.000000
76 1521449547 5526.200000 -1.000000 -101.000000 0.000000 0.000000
76 1521449548 5526.200000 -1.000000 -101.000000 0.000000 0.000000
76 1521449549 5526.200000 -1.000000 -101.000000 0.000000 0.000000
76 1521449550 5526.200000 -1.000000 -101.000000 0.000000 0.000000
76 1521449551 4255.200000 -1.000000 -101.000000 0.000000 0.000000
76 1521449552 4255.200000 -1.000000 -101.000000 0.000000 0.000000
76 1521449553 4255.200000 -1.000000 -101.000000 0.000000 0.000000
76 1521449554 4255.200000 -1.000000 -101.000000 0.000000 0.000000
76 1521449555 4255.200000 -1.000000 -101.000000 0.000000 0.000000
76 1521449556 7620.600000 -1.000000 -101.000000 0.000000 0.000000
76 1521449557 7620.600000 -1.000000 -101.000000 0.000000 0.000000
76 1521449558 7620.600000 -1.000000 -101.000000 0.000000 0.000000
76 1521449559 7620.600000 -1.000000 -101.000000 0.000000 0.000000
76 1521449560 7620.600000 -1.000000 -101.000000 0.000000 0.000000
76 1521449561 864.000000 -1.000000 -101.000000 0.000000 0.000000
76 1521449562 864.000000 -1.000000 -101.000000 0.000000 0.000000
76 1521449563 864.000000 -1.000000 -101.000000 0.000000 0.000000
76 1521449564 864.000000 -1.000000 -101.000000 0.000000 0.000000
76 1521449565 864.000000 -1.000000 -101.000000 0.000000 0.000000
76 1521449566 4889.000000 -1.000000 -101.000000 0.000000 0.000000
76 1521449567 4889.000000 -1.000000 -101.000000 0.000000 0.000000
76 1521449568 4889.000000 -1.000000 -101.000000 0.000000 0.000000
76 1521449569 4889.000000 -1.000000 -101.000000 0.000000 0.000000
76 1521449570 4889.000000 -1.000000 -101.000000 0.000000 0.000000
76 1521449571 7528.600000 -1.000000 -101.000000 0.000000 0.000000
76 1521449572 7528.600000 -1.000000 -101.000000 0.000000 0.000000
76 1521449573 7528.600000 -1.000000 -101.000000 0.000000 0.000000
76 1521449574 7528.600000 -1.000000 -101.000000 0.000000 0.000000
76 1521449575 7528.600000 -1.000000 -101.000000 0.000000 0.000000
76 1521449576 6297.600000 -1.000000 -101.000000 0.000000 0.000000
76 1521449577 6297.600000 -1.000000 -101.000000 0.000000 0.000000
76 1521449578 6297.600000 -1.000000 -101.000000 0.000000 0.000000
76 1521449579 6297.600000 -1.000000 -101.000000 0.000000 0.000000
76 1521449580 6297.600000 -1.000000 -101.000000 0.000000 0.000000
76 1521449581 1804.200000 -1.000000 -101.000000 0.000000 0.000000
76 1521449582 1804.200000 -1.000000 -101.000000 0.000000 0.000000
76 1521449583 1804.200000 -1.000000 -101.000000 0.000000 0.000000
76 1521449584 1804.200000 -1.000000 -101.000000 0.000000 0.000000
76 1521449585 1804.200000 -1.000000 -101.000000 0.000000 0.000000
76 1521449586 4780.200000 -1.000000 -101.000000 0.000000 0.000000
76 1521449587 4780.200000 -1.000000 -101.000000 0.000000 0.000000
76 1521449588 4780.200000 -1.000000 -101.000000 0.000000 0.000000
76 1521449589 4780.200000 -1.000000 -101.000000 0.000000 0.000000
76 1521449590 4780.200000 -1.000000 -101.000000 0.000000 0.000000
76 1521449591 7374.200000 -1.000000 -101.000000 0.000000 0.000000
76 1521449592 7374.200000 -1.000000 -101.000000 0.000000 0.000000
76 1521449593 7374.200000 -1.000000 -101.000000 0.000000 0.000000
76 1521449594 7374.200000 -1.000000 -101.000000 0.000000 0.000000
76 1521449595 7374.200000 -1.000000 -101.000000 0.000000 0.000000
76 1521449596 5578.000000 -1.000000 -101.000000 0.000000 0.000000
76 1521449597 5578.000000 -1.000000 -101.000000 0.000000 0.000000
76 1521449598 5578.000000 -1.000000 -101.000000 0.000000 0.000000
76 1521449599 5578.000000 -1.000000 -101.000000 0.000000 0.000000
76 1521449600 5578.000000 -1.000000 -101.000000 0.000000 0.000000
76 1521449601 4321.800000 -1.000000 -101.000000 0.000000 0.000000
76 1521449602 4321.800000 -1.000000 -101.000000 0.000000 0.000000
76 1521449603 4321.800000 -1.000000 -101.000000 0.000000 0.000000
76 1521449604 4321.800000 -1.000000 -101.000000 0.000000 0.000000
76 1521449605 4321.800000 -1.000000 -101.000000 0.000000 0.000000
76 1521449606 2319.600000 -1.000000 -101.000000 0.000000 0.000000
76 1521449607 2319.600000 -1.000000 -101.000000 0.000000 0.000000
76 1521449608 2319.600000 -1.000000 -101.000000 0.000000 0.000000
76 1521449609 2319.600000 -1.000000 -101.000000 0.000000 0.000000
76 1521449610 2319.600000 -1.000000 -101.000000 0.000000 0.000000
76 1521449611 4131.200000 -1.000000 -101.000000 0.000000 0.000000
76 1521449612 4131.200000 -1.000000 -101.000000 0.000000 0.000000
76 1521449613 4131.200000 -1.000000 -101.000000 0.000000 0.000000
76 1521449614 4131.200000 -1.000000 -101.000000 0.000000 0.000000
76 1521449615 4131.200000 -1.000000 -101.000000 0.000000 0.000000
76 1521449616 6353.800000 -1.000000 -101.000000 0.000000 0.000000
76 1521449617 6353.800000 -1.000000 -101.000000 0.000000 0.000000
76 1521449618 6353.800000 -1.000000 -101.000000 0.000000 0.000000
76 1521449619 6353.800000 -1.000000 -101.000000 0.000000 0.000000
76 1521449620 6353.800000 -1.000000 -101.000000 0.000000 0.000000
76 1521449621 8645.000000 -1.000000 -101.000000 0.000000 0.000000
76 1521449622 8645.000000 -1.000000 -101.000000 0.000000 0.000000
76 1521449623 8645.000000 -1.000000 -101.000000 0.000000 0.000000
76 1521449624 8645.000000 -1.000000 -101.000000 0.000000 0.000000
76 1521449625 8645.000000 -1.000000 -101.000000 0.000000 0.000000
76 1521449626 2151.400000 -1.000000 -101.000000 0.000000 0.000000
76 1521449627 2151.400000 -1.000000 -101.000000 0.000000 0.000000
76 1521449628 2151.400000 -1.000000 -101.000000 0.000000 0.000000
76 1521449629 2151.400000 -1.000000 -101.000000 0.000000 0.000000
76 1521449630 2151.400000 -1.000000 -101.000000 0.000000 0.000000
76 1521449631 4656.200000 -1.000000 -101.000000 0.000000 0.000000
76 1521449632 4656.200000 -1.000000 -101.000000 0.000000 0.000000
76 1521449633 4656.200000 -1.000000 -101.000000 0.000000 0.000000
76 1521449634 4656.200000 -1.000000 -101.000000 0.000000 0.000000
76 1521449635 4656.200000 -1.000000 -101.000000 0.000000 0.000000
76 1521449636 4902.600000 -1.000000 -101.000000 0.000000 0.000000
76 1521449637 4902.600000 -1.000000 -101.000000 0.000000 0.000000
76 1521449638 4902.600000 -1.000000 -101.000000 0.000000 0.000000
76 1521449639 4902.600000 -1.000000 -101.000000 0.000000 0.000000
76 1521449640 4902.600000 -1.000000 -101.000000 0.000000 0.000000
76 1521449641 4396.000000 -1.000000 -101.000000 0.000000 0.000000
76 1521449642 4396.000000 -1.000000 -101.000000 0.000000 0.000000
76 1521449643 4396.000000 -1.000000 -101.000000 0.000000 0.000000
76 1521449644 4396.000000 -1.000000 -101.000000 0.000000 0.000000
76 1521449645 4396.000000 -1.000000 -101.000000 0.000000 0.000000
76 1521449646 5222.600000 -1.000000 -101.000000 0.000000 0.000000
76 1521449647 5222.600000 -1.000000 -101.000000 0.000000 0.000000
76 1521449648 5222.600000 -1.000000 -101.000000 0.000000 0.000000
76 1521449649 5222.600000 -1.000000 -101.000000 0.000000 0.000000
76 1521449650 5222.600000 -1.000000 -101.000000 0.000000 0.000000
76 1521449651 4843.000000 -1.000000 -101.000000 0.000000 0.000000
76 1521449652 4843.000000 -1.000000 -101.000000 0.000000 0.000000
76 1521449653 4843.000000 -1.000000 -101.000000 0.000000 0.000000
76 1521449654 4843.000000 -1.000000 -101.000000 0.000000 0.000000
76 1521449655 4843.000000 -1.000000 -101.000000 0.000000 0.000000
76 1521449656 1693.000000 -1.000000 -101.000000 0.000000 0.000000
76 1521449657 1693.000000 -1.000000 -101.000000 0.000000 0.000000
76 1521449658 1693.000000 -1.000000 -101.000000 0.000000 0.000000
76 1521449659 1693.000000 -1.000000 -101.000000 0.000000 0.000000
76 1521449660 1693.000000 -1.000000 -101.000000 0.000000 0.000000
76 1521449661 4562.200000 -1.000000 -101.000000 0.000000 0.000000
76 1521449662 4562.200000 -1.000000 -101.000000 0.000000 0.000000
76 1521449663 4562.200000 -1.000000 -101.000000 0.000000 0.000000
76 1521449664 4562.200000 -1.000000 -101.000000 0.000000 0.000000
76 1521449665 4562.200000 -1.000000 -101.000000 0.000000 0.000000
76 1521449666 5833.000000 -1.000000 -101.000000 0.000000 0.000000
76 1521449667 5833.000000 -1.000000 -101.000000 0.000000 0.000000
76 1521449668 5833.000000 -1.000000 -101.000000 0.000000 0.000000
76 1521449669 5833.000000 -1.000000 -101.000000 0.000000 0.000000
76 1521449670 5833.000000 -1.000000 -101.000000 0.000000 0.000000
76 1521449671 4431.200000 -1.000000 -101.000000 0.000000 0.000000
76 1521449672 4431.200000 -1.000000 -101.000000 0.000000 0.000000
76 1521449673 4431.200000 -1.000000 -101.000000 0.000000 0.000000
76 1521449674 4431.200000 -1.000000 -101.000000 0.000000 0.000000
76 1521449675 4431.200000 -1.000000 -101.000000 0.000000 0.000000
76 1521449676 2958.800000 -1.000000 -101.000000 0.000000 0.000000
76 1521449677 2958.800000 -1.000000 -101.000000 0.000000 0.000000
76 1521449678 2958.800000 -1.000000 -101.000000 0.000000 0.000000
76 1521449679 2958.800000 -1.000000 -101.000000 0.000000 0.000000
76 1521449680 2958.800000 -1.000000 -101.000000 0.000000 0.000000
76 1521449681 3455.400000 -1.000000 -101.000000 0.000000 0.000000
76 1521449682 3455.400000 -1.000000 -101.000000 0.000000 0.000000
76 1521449683 3455.400000 -1.000000 -101.000000 0.000000 0.000000
76 1521449684 3455.400000 -1.000000 -101.000000 0.000000 0.000000
76 1521449685 3455.400000 -1.000000 -101.000000 0.000000 0.000000
76 1521449686 3690.400000 -1.000000 -101.000000 0.000000 0.000000
76 1521449687 3690.400000 -1.000000 -101.000000 0.000000 0.000000
76 1521449688 3690.400000 -1.000000 -101.000000 0.000000 0.000000
76 1521449689 3690.400000 -1.000000 -101.000000 0.000000 0.000000
76 1521449690 3690.400000 -1.000000 -101.000000 0.000000 0.000000
76 1521449691 2469.800000 -1.000000 -101.000000 0.000000 0.000000
76 1521449692 2469.800000 -1.000000 -101.000000 0.000000 0.000000
76 1521449693 2469.800000 -1.000000 -101.000000 0.000000 0.000000
76 1521449694 2469.800000 -1.000000 -101.000000 0.000000 0.000000
76 1521449695 2469.800000 -1.000000 -101.000000 0.000000 0.000000
76 1521449696 5214.800000 -1.000000 -101.000000 0.000000 0.000000
76 1521449697 5214.800000 -1.000000 -101.000000 0.000000 0.000000
76 1521449698 5214.800000 -1.000000 -101.000000 0.000000 0.000000
76 1521449699 5214.800000 -1.000000 -101.000000 0.000000 0.000000
76 1521449700 5214.800000 -1.000000 -101.000000 0.000000 0.000000
76 1521449701 4423.800000 -1.000000 -101.000000 0.000000 0.000000
76 1521449702 4423.800000 -1.000000 -101.000000 0.000000 0.000000
76 1521449703 4423.800000 -1.000000 -101.000000 0.000000 0.000000
76 1521449704 4423.800000 -1.000000 -101.000000 0.000000 0.000000
76 1521449705 4423.800000 -1.000000 -101.000000 0.000000 0.000000
76 1521449706 5198.800000 -1.000000 -101.000000 0.000000 0.000000
76 1521449707 5198.800000 -1.000000 -101.000000 0.000000 0.000000
76 1521449708 5198.800000 -1.000000 -101.000000 0.000000 0.000000
76 1521449709 5198.800000 -1.000000 -101.000000 0.000000 0.000000
76 1521449710 5198.800000 -1.000000 -101.000000 0.000000 0.000000
76 1521449711 8649.800000 -1.000000 -101.000000 0.000000 0.000000
76 1521449712 8649.800000 -1.000000 -101.000000 0.000000 0.000000
76 1521449713 8649.800000 -1.000000 -101.000000 0.000000 0.000000
76 1521449714 8649.800000 -1.000000 -101.000000 0.000000 0.000000
76 1521449715 8649.800000 -1.000000 -101.000000 0.000000 0.000000
76 1521449716 1620.000000 -1.000000 -101.000000 0.000000 0.000000
76 1521449717 1620.000000 -1.000000 -101.000000 0.000000 0.000000
76 1521449718 1620.000000 -1.000000 -101.000000 0.000000 0.000000
76 1521449719 1620.000000 -1.000000 -101.000000 0.000000 0.000000
76 1521449720 1620.000000 -1.000000 -101.000000 0.000000 0.000000
76 1521449721 5843.400000 -1.000000 -101.000000 0.000000 0.000000
76 1521449722 5843.400000 -1.000000 -101.000000 0.000000 0.000000
76 1521449723 5843.400000 -1.000000 -101.000000 0.000000 0.000000
76 1521449724 5843.400000 -1.000000 -101.000000 0.000000 0.000000
76 1521449725 5843.400000 -1.000000 -101.000000 0.000000 0.000000
76 1521449726 2344.600000 -1.000000 -101.000000 0.000000 0.000000
76 1521449727 2344.600000 -1.000000 -101.000000 0.000000 0.000000
76 1521449728 2344.600000 -1.000000 -101.000000 0.000000 0.000000
76 1521449729 2344.600000 -1.000000 -101.000000 0.000000 0.000000
76 1521449730 2344.600000 -1.000000 -101.000000 0.000000 0.000000
76 1521449731 3390.000000 -1.000000 -101.000000 0.000000 0.000000
76 1521449732 3390.000000 -1.000000 -101.000000 0.000000 0.000000
76 1521449733 3390.000000 -1.000000 -101.000000 0.000000 0.000000
76 1521449734 3390.000000 -1.000000 -101.000000 0.000000 0.000000
76 1521449735 3390.000000 -1.000000 -101.000000 0.000000 0.000000
76 1521449736 5599.600000 -1.000000 -101.000000 0.000000 0.000000
76 1521449737 5599.600000 -1.000000 -101.000000 0.000000 0.000000
76 1521449738 5599.600000 -1.000000 -101.000000 0.000000 0.000000
76 1521449739 5599.600000 -1.000000 -101.000000 0.000000 0.000000
76 1521449740 5599.600000 -1.000000 -101.000000 0.000000 0.000000
76 1521449741 4507.400000 -1.000000 -101.000000 0.000000 0.000000
76 1521449742 4507.400000 -1.000000 -101.000000 0.000000 0.000000
76 1521449743 4507.400000 -1.000000 -101.000000 0.000000 0.000000
76 1521449744 4507.400000 -1.000000 -101.000000 0.000000 0.000000
76 1521449745 4507.400000 -1.000000 -101.000000 0.000000 0.000000
76 1521449746 6617.800000 -1.000000 -101.000000 0.000000 0.000000
76 1521449747 6617.800000 -1.000000 -101.000000 0.000000 0.000000
76 1521449748 6617.800000 -1.000000 -101.000000 0.000000 0.000000
76 1521449749 6617.800000 -1.000000 -101.000000 0.000000 0.000000
76 1521449750 6617.800000 -1.000000 -101.000000 0.000000 0.000000
76 1521449751 291.400000 -1.000000 -101.000000 0.000000 0.000000
76 1521449752 291.400000 -1.000000 -101.000000 0.000000 0.000000
76 1521449753 291.400000 -1.000000 -101.000000 0.000000 0.000000
76 1521449754 291.400000 -1.000000 -101.000000 0.000000 0.000000
76 1521449755 291.400000 -1.000000 -101.000000 0.000000 0.000000
76 1521449756 3610.400000 -1.000000 -101.000000 0.000000 0.000000
76 1521449757 3610.400000 -1.000000 -101.000000 0.000000 0.000000
76 1521449758 3610.400000 -1.000000 -101.000000 0.000000 0.000000
76 1521449759 3610.400000 -1.000000 -101.000000 0.000000 0.000000
76 1521449760 3610.400000 -1.000000 -101.000000 0.000000 0.000000
76 1521449761 1458.000000 -1.000000 -101.000000 0.000000 0.000000
76 1521449762 1458.000000 -1.000000 -101.000000 0.000000 0.000000
76 1521449763 1458.000000 -1.000000 -101.000000 0.000000 0.000000
76 1521449764 1458.000000 -1.000000 -101.000000 0.000000 0.000000
76 1521449765 1458.000000 -1.000000 -101.000000 0.000000 0.000000
76 1521449766 7985.400000 -1.000000 -101.000000 0.000000 0.000000
76 1521449767 7985.400000 -1.000000 -101.000000 0.000000 0.000000
76 1521449768 7985.400000 -1.000000 -101.000000 0.000000 0.000000
76 1521449769 7985.400000 -1.000000 -101.000000 0.000000 0.000000
76 1521449770 7985.400000 -1.000000 -101.000000 0.000000 0.000000
76 1521449771 3727.800000 -1.000000 -101.000000 0.000000 0.000000
76 1521449772 3727.800000 -1.000000 -101.000000 0.000000 0.000000
76 1521449773 3727.800000 -1.000000 -101.000000 0.000000 0.000000
76 1521449774 3727.800000 -1.000000 -101.000000 0.000000 0.000000
76 1521449775 3727.800000 -1.000000 -101.000000 0.000000 0.000000
76 1521449781 6534.000000 -1.000000 -101.000000 0.000000 0.000000
76 1521449782 6534.000000 -1.000000 -101.000000 0.000000 0.000000
76 1521449783 6534.000000 -1.000000 -101.000000 0.000000 0.000000
76 1521449784 6534.000000 -1.000000 -101.000000 0.000000 0.000000
76 1521449785 6534.000000 -1.000000 -101.000000 0.000000 0.000000
76 1521449786 3727.800000 -1.000000 -101.000000 0.000000 0.000000
76 1521449787 3727.800000 -1.000000 -101.000000 0.000000 0.000000
76 1521449788 3727.800000 -1.000000 -101.000000 0.000000 0.000000
76 1521449789 3727.800000 -1.000000 -101.000000 0.000000 0.000000
76 1521449790 3727.800000 -1.000000 -101.000000 0.000000 0.000000
76 1521449791 6538.800000 -1.000000 -101.000000 0.000000 0.000000
76 1521449792 6538.800000 -1.000000 -101.000000 0.000000 0.000000
76 1521449793 6538.800000 -1.000000 -101.000000 0.000000 0.000000
76 1521449794 6538.800000 -1.000000 -101.000000 0.000000 0.000000
76 1521449795 6538.800000 -1.000000 -101.000000 0.000000 0.000000
76 1521449801 3725.400000 -1.000000 -101.000000 0.000000 0.000000
76 1521449802 3725.400000 -1.000000 -101.000000 0.000000 0.000000
76 1521449803 3725.400000 -1.000000 -101.000000 0.000000 0.000000
76 1521449804 3725.400000 -1.000000 -101.000000 0.000000 0.000000
76 1521449805 3725.400000 -1.000000 -101.000000 0.000000 0.000000
76 1521449806 7242.400000 -1.000000 -101.000000 0.000000 0.000000
76 1521449807 7242.400000 -1.000000 -101.000000 0.000000 0.000000
76 1521449808 7242.400000 -1.000000 -101.000000 0.000000 0.000000
76 1521449809 7242.400000 -1.000000 -101.000000 0.000000 0.000000
76 1521449810 7242.400000 -1.000000 -101.000000 0.000000 0.000000
76 1521449811 4306.600000 -1.000000 -101.000000 0.000000 0.000000
76 1521449812 4306.600000 -1.000000 -101.000000 0.000000 0.000000
76 1521449875 2595.400000 -1.000000 2595.400000 2595.400000 0.000000
76 1521449874 2595.400000 -1.000000 2595.400000 2595.400000 0.000000
76 1521449873 2595.400000 -1.000000 2595.400000 2595.400000 0.000000
76 1521449872 2595.400000 -1.000000 2595.400000 2595.400000 0.000000
76 1521449871 2595.400000 -1.000000 2595.400000 2595.400000 0.000000
76 1521449870 6542.800000 -1.000000 6542.800000 6542.800000 0.000000
76 1521449869 6542.800000 -1.000000 6542.800000 6542.800000 0.000000
76 1521449868 6542.800000 -1.000000 6542.800000 6542.800000 0.000000
76 1521449867 6542.800000 -1.000000 6542.800000 6542.800000 0.000000
76 1521449866 6542.800000 -1.000000 6542.800000 6542.800000 0.000000
76 1521449865 3727.800000 -1.000000 3727.800000 3727.800000 0.000000
76 1521449864 3727.800000 -1.000000 3727.800000 3727.800000 0.000000
76 1521449863 3727.800000 -1.000000 3727.800000 3727.800000 0.000000
76 1521449862 3727.800000 -1.000000 3727.800000 3727.800000 0.000000
76 1521449861 3727.800000 -1.000000 3727.800000 3727.800000 0.000000
76 1521449855 6540.400000 -1.000000 6540.400000 6540.400000 0.000000
76 1521449854 6540.400000 -1.000000 6540.400000 6540.400000 0.000000
76 1521449853 6540.400000 -1.000000 6540.400000 6540.400000 0.000000
76 1521449852 6540.400000 -1.000000 6540.400000 6540.400000 0.000000
76 1521449851 6540.400000 -1.000000 6540.400000 6540.400000 0.000000
76 1521449850 3727.800000 -1.000000 3727.800000 3727.800000 0.000000
76 1521449849 3727.800000 -1.000000 3727.800000 3727.800000 0.000000
76 1521449848 3727.800000 -1.000000 3727.800000 3727.800000 0.000000
76 1521449847 3727.800000 -1.000000 3727.800000 3727.800000 0.000000
76 1521449846 3727.800000 -1.000000 3727.800000 3727.800000 0.000000
76 1521449840 6544.400000 -1.000000 6544.400000 6544.400000 0.000000
76 1521449839 6544.400000 -1.000000 6544.400000 6544.400000 0.000000
76 1521449838 6544.400000 -1.000000 6544.400000 6544.400000 0.000000
76 1521449837 6544.400000 -1.000000 6544.400000 6544.400000 0.000000
76 1521449836 6544.400000 -1.000000 6544.400000 6544.400000 0.000000
76 1521449835 2710.400000 -1.000000 2710.400000 2710.400000 0.000000
76 1521449834 2710.400000 -1.000000 2710.400000 2710.400000 0.000000
76 1521449833 2710.400000 -1.000000 2710.400000 2710.400000 0.000000
76 1521449832 2710.400000 -1.000000 2710.400000 2710.400000 0.000000
76 1521449831 2710.400000 -1.000000 2710.400000 2710.400000 0.000000
76 1521449830 8261.400000 -1.000000 8261.400000 8261.400000 0.000000
76 1521449829 8261.400000 -1.000000 8261.400000 8261.400000 0.000000
76 1521449828 8261.400000 -1.000000 8261.400000 8261.400000 0.000000
76 1521449827 8261.400000 -1.000000 8261.400000 8261.400000 0.000000
76 1521449826 8261.400000 -1.000000 8261.400000 8261.400000 0.000000
76 1521449825 284.400000 -1.000000 284.400000 284.400000 0.000000
76 1521449824 284.400000 -1.000000 284.400000 284.400000 0.000000
76 1521449823 284.400000 -1.000000 284.400000 284.400000 0.000000
76 1521449822 284.400000 -1.000000 284.400000 284.400000 0.000000
76 1521449821 284.400000 -1.000000 284.400000 284.400000 0.000000
76 1521449815 4306.600000 -1.000000 4306.600000 4306.600000 0.000000
76 1521449814 4306.600000 -1.000000 4306.600000 4306.600000 0.000000
76 1521449813 4306.600000 -1.000000 4306.600000 4306.600000 0.000000
76 1521449813 4306.600000 -1.000000 -101.000000 0.000000 0.000000
76 1521449814 4306.600000 -1.000000 -101.000000 0.000000 0.000000
76 1521449815 4306.600000 -1.000000 -101.000000 0.000000 0.000000
76 1521449821 284.400000 -1.000000 -101.000000 0.000000 0.000000
76 1521449822 284.400000 -1.000000 -101.000000 0.000000 0.000000
76 1521449823 284.400000 -1.000000 -101.000000 0.000000 0.000000
76 1521449824 284.400000 -1.000000 -101.000000 0.000000 0.000000
76 1521449825 284.400000 -1.000000 -101.000000 0.000000 0.000000
76 1521449826 8261.400000 -1.000000 -101.000000 0.000000 0.000000
76 1521449827 8261.400000 -1.000000 -101.000000 0.000000 0.000000
76 1521449828 8261.400000 -1.000000 -101.000000 0.000000 0.000000
76 1521449829 8261.400000 -1.000000 -101.000000 0.000000 0.000000
76 1521449830 8261.400000 -1.000000 -101.000000 0.000000 0.000000
76 1521449831 2710.400000 -1.000000 -101.000000 0.000000 0.000000
76 1521449832 2710.400000 -1.000000 -101.000000 0.000000 0.000000
76 1521449833 2710.400000 -1.000000 -101.000000 0.000000 0.000000
76 1521449834 2710.400000 -1.000000 -101.000000 0.000000 0.000000
76 1521449835 2710.400000 -1.000000 -101.000000 0.000000 0.000000
76 1521449836 6544.400000 -1.000000 -101.000000 0.000000 0.000000
76 1521449837 6544.400000 -1.000000 -101.000000 0.000000 0.000000
76 1521449838 6544.400000 -1.000000 -101.000000 0.000000 0.000000
76 1521449839 6544.400000 -1.000000 -101.000000 0.000000 0.000000
76 1521449840 6544.400000 -1.000000 -101.000000 0.000000 0.000000
76 1521449846 3727.800000 -1.000000 -101.000000 0.000000 0.000000
76 1521449847 3727.800000 -1.000000 -101.000000 0.000000 0.000000
76 1521449848 3727.800000 -1.000000 -101.000000 0.000000 0.000000
76 1521449849 3727.800000 -1.000000 -101.000000 0.000000 0.000000
76 1521449850 3727.800000 -1.000000 -101.000000 0.000000 0.000000
76 1521449851 6540.400000 -1.000000 -101.000000 0.000000 0.000000
76 1521449852 6540.400000 -1.000000 -101.000000 0.000000 0.000000
76 1521449853 6540.400000 -1.000000 -101.000000 0.000000 0.000000
76 1521449854 6540.400000 -1.000000 -101.000000 0.000000 0.000000
76 1521449855 6540.400000 -1.000000 -101.000000 0.000000 0.000000
76 1521449861 3727.800000 -1.000000 -101.000000 0.000000 0.000000
76 1521449862 3727.800000 -1.000000 -101.000000 0.000000 0.000000
76 1521449863 3727.800000 -1.000000 -101.000000 0.000000 0.000000
76 1521449864 3727.800000 -1.000000 -101.000000 0.000000 0.000000
76 1521449865 3727.800000 -1.000000 -101.000000 0.000000 0.000000
76 1521449866 6542.800000 -1.000000 -101.000000 0.000000 0.000000
76 1521449867 6542.800000 -1.000000 -101.000000 0.000000 0.000000
76 1521449868 6542.800000 -1.000000 -101.000000 0.000000 0.000000
76 1521449869 6542.800000 -1.000000 -101.000000 0.000000 0.000000
76 1521449870 6542.800000 -1.000000 -101.000000 0.000000 0.000000
76 1521449871 2595.400000 -1.000000 -101.000000 0.000000 0.000000
76 1521449872 2595.400000 -1.000000 -101.000000 0.000000 0.000000
76 1521449873 2595.400000 -1.000000 -101.000000 0.000000 0.000000
76 1521449874 2595.400000 -1.000000 -101.000000 0.000000 0.000000
76 1521449875 2595.400000 -1.000000 -101.000000 0.000000 0.000000
76 1521449876 1134.000000 -1.000000 -101.000000 0.000000 0.000000
76 1521449877 1134.000000 -1.000000 -101.000000 0.000000 0.000000
76 1521449878 1134.000000 -1.000000 -101.000000 0.000000 0.000000
76 1521449879 1134.000000 -1.000000 -101.000000 0.000000 0.000000
76 1521449880 1134.000000 -1.000000 -101.000000 0.000000 0.000000
76 1521449881 6538.800000 -1.000000 -101.000000 0.000000 0.000000
76 1521449882 6538.800000 -1.000000 -101.000000 0.000000 0.000000
76 1521449883 6538.800000 -1.000000 -101.000000 0.000000 0.000000
76 1521449884 6538.800000 -1.000000 -101.000000 0.000000 0.000000
76 1521449885 6538.800000 -1.000000 -101.000000 0.000000 0.000000
76 1521449886 4434.600000 -1.000000 -101.000000 0.000000 0.000000
76 1521449887 4434.600000 -1.000000 -101.000000 0.000000 0.000000
76 1521449888 4434.600000 -1.000000 -101.000000 0.000000 0.000000
76 1521449889 4434.600000 -1.000000 -101.000000 0.000000 0.000000
76 1521449890 4434.600000 -1.000000 -101.000000 0.000000 0.000000
76 1521449891 5190.400000 -1.000000 -101.000000 0.000000 0.000000
76 1521449892 5190.400000 -1.000000 -101.000000 0.000000 0.000000
76 1521449893 5190.400000 -1.000000 -101.000000 0.000000 0.000000
76 1521449894 5190.400000 -1.000000 -101.000000 0.000000 0.000000
76 1521449895 5190.400000 -1.000000 -101.000000 0.000000 0.000000
76 1521449896 648.000000 -1.000000 -101.000000 0.000000 0.000000
76 1521449897 648.000000 -1.000000 -101.000000 0.000000 0.000000
76 1521449898 648.000000 -1.000000 -101.000000 0.000000 0.000000
76 1521449899 648.000000 -1.000000 -101.000000 0.000000 0.000000
76 1521449900 648.000000 -1.000000 -101.000000 0.000000 0.000000
76 1521449901 5139.800000 -1.000000 -101.000000 0.000000 0.000000
76 1521449902 5139.800000 -1.000000 -101.000000 0.000000 0.000000
76 1521449903 5139.800000 -1.000000 -101.000000 0.000000 0.000000
76 1521449904 5139.800000 -1.000000 -101.000000 0.000000 0.000000
76 1521449905 5139.800000 -1.000000 -101.000000 0.000000 0.000000
76 1521449906 5135.600000 -1.000000 -101.000000 0.000000 0.000000
76 1521449907 5135.600000 -1.000000 -101.000000 0.000000 0.000000
76 1521449908 5135.600000 -1.000000 -101.000000 0.000000 0.000000
76 1521449909 5135.600000 -1.000000 -101.000000 0.000000 0.000000
76 1521449910 5135.600000 -1.000000 -101.000000 0.000000 0.000000
76 1521449916 5129.400000 -1.000000 -101.000000 0.000000 0.000000
76 1521449917 5129.400000 -1.000000 -101.000000 0.000000 0.000000
76 1521449918 5129.400000 -1.000000 -101.000000 0.000000 0.000000
76 1521449919 5129.400000 -1.000000 -101.000000 0.000000 0.000000
76 1521449920 5129.400000 -1.000000 -101.000000 0.000000 0.000000
76 1521449921 6413.200000 -1.000000 -101.000000 0.000000 0.000000
76 1521449922 6413.200000 -1.000000 -101.000000 0.000000 0.000000
76 1521449923 6413.200000 -1.000000 -101.000000 0.000000 0.000000
76 1521449924 6413.200000 -1.000000 -101.000000 0.000000 0.000000
76 1521449925 6413.200000 -1.000000 -101.000000 0.000000 0.000000
76 1521449926 3847.800000 -1.000000 -101.000000 0.000000 0.000000
76 1521449927 3847.800000 -1.000000 -101.000000 0.000000 0.000000
76 1521449928 3847.800000 -1.000000 -101.000000 0.000000 0.000000
76 1521449929 3847.800000 -1.000000 -101.000000 0.000000 0.000000
76 1521449930 3847.800000 -1.000000 -101.000000 0.000000 0.000000
76 1521449936 7198.400000 -1.000000 -101.000000 0.000000 0.000000
76 1521449937 7198.400000 -1.000000 -101.000000 0.000000 0.000000
76 1521449938 7198.400000 -1.000000 -101.000000 0.000000 0.000000
76 1521449939 7198.400000 -1.000000 -101.000000 0.000000 0.000000
76 1521449940 7198.400000 -1.000000 -101.000000 0.000000 0.000000
76 1521449941 2039.600000 -1.000000 -101.000000 0.000000 0.000000
76 1521449942 2039.600000 -1.000000 -101.000000 0.000000 0.000000
76 1521449943 2039.600000 -1.000000 -101.000000 0.000000 0.000000
76 1521449944 2039.600000 -1.000000 -101.000000 0.000000 0.000000
76 1521449945 2039.600000 -1.000000 -101.000000 0.000000 0.000000
76 1521449946 2557.000000 -1.000000 -101.000000 0.000000 0.000000
76 1521449947 2557.000000 -1.000000 -101.000000 0.000000 0.000000
76 1521449948 2557.000000 -1.000000 -101.000000 0.000000 0.000000
76 1521449949 2557.000000 -1.000000 -101.000000 0.000000 0.000000
76 1521449950 2557.000000 -1.000000 -101.000000 0.000000 0.000000
76 1521449951 5832.800000 -1.000000 -101.000000 0.000000 0.000000
76 1521449952 5832.800000 -1.000000 -101.000000 0.000000 0.000000
76 1521449953 5832.800000 -1.000000 -101.000000 0.000000 0.000000
76 1521449954 5832.800000 -1.000000 -101.000000 0.000000 0.000000
76 1521449955 5832.800000 -1.000000 -101.000000 0.000000 0.000000
76 1521449961 4311.800000 -1.000000 -101.000000 0.000000 0.000000
76 1521449962 4311.800000 -1.000000 -101.000000 0.000000 0.000000
76 1521449963 4311.800000 -1.000000 -101.000000 0.000000 0.000000
76 1521449964 4311.800000 -1.000000 -101.000000 0.000000 0.000000
76 1521449965 4311.800000 -1.000000 -101.000000 0.000000 0.000000
76 1521449971 6541.200000 -1.000000 -101.000000 0.000000 0.000000
76 1521449972 6541.200000 -1.000000 -101.000000 0.000000 0.000000
76 1521449973 6541.200000 -1.000000 -101.000000 0.000000 0.000000
76 1521449974 6541.200000 -1.000000 -101.000000 0.000000 0.000000
76 1521449975 6541.200000 -1.000000 -101.000000 0.000000 0.000000
76 1521449976 3730.200000 -1.000000 -101.000000 0.000000 0.000000
76 1521449977 3730.200000 -1.000000 -101.000000 0.000000 0.000000
76 1521449978 3730.200000 -1.000000 -101.000000 0.000000 0.000000
76 1521449979 3730.200000 -1.000000 -101.000000 0.000000 0.000000
76 1521449980 3730.200000 -1.000000 -101.000000 0.000000 0.000000
76 1521449986 6538.800000 -1.000000 -101.000000 0.000000 0.000000
76 1521449987 6538.800000 -1.000000 -101.000000 0.000000 0.000000
76 1521449988 6538.800000 -1.000000 -101.000000 0.000000 0.000000
76 1521449989 6538.800000 -1.000000 -101.000000 0.000000 0.000000
76 1521449990 6538.800000 -1.000000 -101.000000 0.000000 0.000000
76 1521449991 3727.800000 -1.000000 -101.000000 0.000000 0.000000
76 1521449992 3727.800000 -1.000000 -101.000000 0.000000 0.000000
76 1521449993 3727.800000 -1.000000 -101.000000 0.000000 0.000000
76 1521449994 3727.800000 -1.000000 -101.000000 0.000000 0.000000
76 1521449995 3727.800000 -1.000000 -101.000000 0.000000 0.000000
76 1521449996 6539.600000 -1.000000 -101.000000 0.000000 0.000000
76 1521449997 6539.600000 -1.000000 -101.000000 0.000000 0.000000
76 1521449998 6539.600000 -1.000000 -101.000000 0.000000 0.000000
76 1521449999 6539.600000 -1.000000 -101.000000 0.000000 0.000000
76 1521450000 6539.600000 -1.000000 -101.000000 0.000000 0.000000
76 1521450006 5135.800000 -1.000000 -101.000000 0.000000 0.000000
76 1521450007 5135.800000 -1.000000 -101.000000 0.000000 0.000000
76 1521450008 5135.800000 -1.000000 -101.000000 0.000000 0.000000
76 1521450009 5135.800000 -1.000000 -101.000000 0.000000 0.000000
76 1521450010 5135.800000 -1.000000 -101.000000 0.000000 0.000000
76 1521450011 5132.400000 -1.000000 -101.000000 0.000000 0.000000
76 1521450012 5132.400000 -1.000000 -101.000000 0.000000 0.000000
76 1521450013 5132.400000 -1.000000 -101.000000 0.000000 0.000000
76 1521450014 5132.400000 -1.000000 -101.000000 0.000000 0.000000
76 1521450015 5132.400000 -1.000000 -101.000000 0.000000 0.000000
76 1521450016 3942.200000 -1.000000 -101.000000 0.000000 0.000000
76 1521450017 3942.200000 -1.000000 -101.000000 0.000000 0.000000
76 1521450018 3942.200000 -1.000000 -101.000000 0.000000 0.000000
76 1521450019 3942.200000 -1.000000 -101.000000 0.000000 0.000000
76 1521450020 3942.200000 -1.000000 -101.000000 0.000000 0.000000
76 1521450021 2596.800000 -1.000000 -101.000000 0.000000 0.000000
76 1521450022 2596.800000 -1.000000 -101.000000 0.000000 0.000000
76 1521450023 2596.800000 -1.000000 -101.000000 0.000000 0.000000
76 1521450024 2596.800000 -1.000000 -101.000000 0.000000 0.000000
76 1521450025 2596.800000 -1.000000 -101.000000 0.000000 0.000000
76 1521450026 3727.600000 -1.000000 -101.000000 0.000000 0.000000
76 1521450027 3727.600000 -1.000000 -101.000000 0.000000 0.000000
76 1521450028 3727.600000 -1.000000 -101.000000 0.000000 0.000000
76 1521450029 3727.600000 -1.000000 -101.000000 0.000000 0.000000
76 1521450030 3727.600000 -1.000000 -101.000000 0.000000 0.000000
76 1521450031 6375.400000 -1.000000 -101.000000 0.000000 0.000000
76 1521450032 6375.400000 -1.000000 -101.000000 0.000000 0.000000
76 1521450033 6375.400000 -1.000000 -101.000000 0.000000 0.000000
76 1521450034 6375.400000 -1.000000 -101.000000 0.000000 0.000000
76 1521450035 6375.400000 -1.000000 -101.000000 0.000000 0.000000
76 1521450036 162.000000 