61 1499947595 0.228518 0.200000 0.228518 0.228518 0.010444
61 1499947596 0.228518 0.200000 0.228518 0.228518 0.010444
61 1499947597 0.228518 0.200000 0.228518 0.228518 0.010444
61 1499947598 0.228518 0.200000 0.228518 0.228518 0.010444
61 1499947599 0.228518 0.200000 0.228518 0.228518 0.010444
61 1499947600 0.194749 0.200000 0.194749 0.194749 0.007585
61 1499947601 0.194749 0.200000 0.194749 0.194749 0.007585
61 1499947602 0.194749 0.200000 0.194749 0.194749 0.007585
61 1499947603 0.194749 0.200000 0.194749 0.194749 0.007585
61 1499947604 0.194749 0.200000 0.194749 0.194749 0.007585
61 1499947605 0.195340 0.200000 0.195340 0.195340 0.007632
64 1499947605 0.484186 0.200000 0.484186 0.484186 0.046887
61 1499947606 0.195340 0.200000 0.195340 0.195340 0.007632
64 1499947606 0.484186 0.200000 0.484186 0.484186 0.046887
61 1499947607 0.195340 0.200000 0.195340 0.195340 0.007632
64 1499947607 0.484186 0.200000 0.484186 0.484186 0.046887
61 1499947608 0.195340 0.200000 0.195340 0.195340 0.007632
64 1499947608 0.484186 0.200000 0.484186 0.484186 0.046887
61 1499947609 0.195340 0.200000 0.195340 0.195340 0.007632
64 1499947609 0.484186 0.200000 0.484186 0.484186 0.046887
61 1499947610 0.232564 0.200000 0.232564 0.232564 0.010817
67 1499947610 0.557878 0.200000 0.557878 0.557878 0.062245
67 1499947611 0.557878 0.200000 0.557878 0.557878 0.062245
61 1499947611 0.232564 0.200000 0.232564 0.232564 0.010817
61 1499947612 0.232564 0.200000 0.232564 0.232564 0.010817
67 1499947612 0.557878 0.200000 0.557878 0.557878 0.062245
61 1499947613 0.232564 0.200000 0.232564 0.232564 0.010817
67 1499947613 0.557878 0.200000 0.557878 0.557878 0.062245
61 1499947614 0.232564 0.200000 0.232564 0.232564 0.010817
67 1499947614 0.557878 0.200000 0.557878 0.557878 0.062245
61 1499947615 0.193094 0.200000 0.193094 0.193094 0.007457
67 1499947615 0.466982 0.200000 0.466982 0.466982 0.043615
67 1499947616 0.466982 0.200000 0.466982 0.466982 0.043615
61 1499947616 0.193094 0.200000 0.193094 0.193094 0.007457
61 1499947617 0.193094 0.200000 0.193094 0.193094 0.007457
67 1499947617 0.466982 0.200000 0.466982 0.466982 0.043615
61 1499947618 0.193094 0.200000 0.193094 0.193094 0.007457
67 1499947618 0.466982 0.200000 0.466982 0.466982 0.043615
61 1499947619 0.193094 0.200000 0.193094 0.193094 0.007457
67 1499947619 0.466982 0.200000 0.466982 0.466982 0.043615
61 1499947620 0.181062 0.200000 0.181062 0.181062 0.006557
67 1499947620 0.554516 0.200000 0.554516 0.554516 0.061498
67 1499947621 0.554516 0.200000 0.554516 0.554516 0.061498
61 1499947621 0.181062 0.200000 0.181062 0.181062 0.006557
61 1499947622 0.181062 0.200000 0.181062 0.181062 0.006557
67 1499947622 0.554516 0.200000 0.554516 0.554516 0.061498
61 1499947623 0.181062 0.200000 0.181062 0.181062 0.006557
67 1499947623 0.554516 0.200000 0.554516 0.554516 0.061498
61 1499947624 0.181062 0.200000 0.181062 0.181062 0.006557
67 1499947624 0.554516 0.200000 0.554516 0.554516 0.061498
61 1499947625 0.187228 0.200000 0.187228 0.187228 0.007011
67 1499947625 0.469520 0.200000 0.469520 0.469520 0.044090
67 1499947626 0.469520 0.200000 0.469520 0.469520 0.044090
61 1499947626 0.187228 0.200000 0.187228 0.187228 0.007011
61 1499947627 0.187228 0.200000 0.187228 0.187228 0.007011
67 1499947627 0.469520 0.200000 0.469520 0.469520 0.044090
61 1499947628 0.187228 0.200000 0.187228 0.187228 0.007011
67 1499947628 0.469520 0.200000 0.469520 0.469520 0.044090
61 1499947629 0.187228 0.200000 0.187228 0.187228 0.007011
67 1499947629 0.469520 0.200000 0.469520 0.469520 0.044090
61 1499947630 0.261572 0.200000 0.261572 0.261572 0.013684
67 1499947630 0.534962 0.200000 0.534962 0.534962 0.057237
67 1499947631 0.534962 0.200000 0.534962 0.534962 0.057237
61 1499947631 0.261572 0.200000 0.261572 0.261572 0.013684
61 1499947632 0.261572 0.200000 0.261572 0.261572 0.013684
67 1499947632 0.534962 0.200000 0.534962 0.534962 0.057237
61 1499947633 0.261572 0.200000 0.261572 0.261572 0.013684
67 1499947633 0.534962 0.200000 0.534962 0.534962 0.057237
61 1499947634 0.261572 0.200000 0.261572 0.261572 0.013684
67 1499947634 0.534962 0.200000 0.534962 0.534962 0.057237
61 1499947635 0.191040 0.200000 0.191040 0.191040 0.007299
67 1499947635 0.489745 0.200000 0.489745 0.489745 0.047970
67 1499947636 0.489745 0.200000 0.489745 0.489745 0.047970
61 1499947636 0.191040 0.200000 0.191040 0.191040 0.007299
61 1499947637 0.191040 0.200000 0.191040 0.191040 0.007299
61 1499947638 0.191040 0.200000 0.191040 0.191040 0.007299
67 1499947637 0.489745 0.200000 0.489745 0.489745 0.047970
67 1499947638 0.489745 0.200000 0.489745 0.489745 0.047970
61 1499947639 0.191040 0.200000 0.191040 0.191040 0.007299
67 1499947639 0.489745 0.200000 0.489745 0.489745 0.047970
61 1499947640 0.178183 0.400000 0.178019 0.178347 0.012700
67 1499947640 0.528343 0.200000 0.528343 0.528343 0.055829
61 1499947641 0.178183 0.400000 0.178019 0.178347 0.012700
67 1499947641 0.528343 0.200000 0.528343 0.528343 0.055829
61 1499947642 0.178183 0.400000 0.178019 0.178347 0.012700
67 1499947642 0.528343 0.200000 0.528343 0.528343 0.055829
61 1499947643 0.178183 0.400000 0.178019 0.178347 0.012700
67 1499947643 0.528343 0.200000 0.528343 0.528343 0.055829
61 1499947644 0.178183 0.400000 0.178019 0.178347 0.012700
67 1499947644 0.528343 0.200000 0.528343 0.528343 0.055829
61 1499947645 0.207380 0.200000 0.207380 0.207380 0.008601
67 1499947645 0.475258 0.200000 0.475258 0.475258 0.045174
61 1499947646 0.207380 0.200000 0.207380 0.207380 0.008601
67 1499947646 0.475258 0.200000 0.475258 0.475258 0.045174
61 1499947647 0.207380 0.200000 0.207380 0.207380 0.008601
67 1499947647 0.475258 0.200000 0.475258 0.475258 0.045174
61 1499947648 0.207380 0.200000 0.207380 0.207380 0.008601
67 1499947648 0.475258 0.200000 0.475258 0.475258 0.045174
61 1499947649 0.207380 0.200000 0.207380 0.207380 0.008601
67 1499947649 0.475258 0.200000 0.475258 0.475258 0.045174
61 1499947650 0.426423 0.200000 0.426423 0.426423 0.036367
67 1499947650 0.581445 0.400000 0.545763 0.617126 0.135740
61 1499947651 0.426423 0.200000 0.426423 0.426423 0.036367
67 1499947651 0.581445 0.400000 0.545763 0.617126 0.135740
61 1499947652 0.426423 0.200000 0.426423 0.426423 0.036367
67 1499947652 0.581445 0.400000 0.545763 0.617126 0.135740
61 1499947653 0.426423 0.200000 0.426423 0.426423 0.036367
67 1499947653 0.581445 0.400000 0.545763 0.617126 0.135740
61 1499947654 0.426423 0.200000 0.426423 0.426423 0.036367
67 1499947654 0.581445 0.400000 0.545763 0.617126 0.135740
61 1499947655 0.195296 0.200000 0.195296 0.195296 0.007628
67 1499947655 0.469383 0.200000 0.469383 0.469383 0.044064
61 1499947656 0.195296 0.200000 0.195296 0.195296 0.007628
67 1499947656 0.469383 0.200000 0.469383 0.469383 0.044064
61 1499947657 0.195296 0.200000 0.195296 0.195296 0.007628
67 1499947657 0.469383 0.200000 0.469383 0.469383 0.044064
61 1499947658 0.195296 0.200000 0.195296 0.195296 0.007628
67 1499947658 0.469383 0.200000 0.469383 0.469383 0.044064
61 1499947659 0.195296 0.200000 0.195296 0.195296 0.007628
67 1499947659 0.469383 0.200000 0.469383 0.469383 0.044064
61 1499947660 0.182287 0.200000 0.182287 0.182287 0.006646
61 1499947661 0.182287 0.200000 0.182287 0.182287 0.006646
61 1499947662 0.182287 0.200000 0.182287 0.182287 0.006646
61 1499947663 0.182287 0.200000 0.182287 0.182287 0.006646
61 1499947664 0.182287 0.200000 0.182287 0.182287 0.006646
61 1499947665 0.199353 0.400000 0.192380 0.206327 0.015916
67 1499947665 0.469246 0.400000 0.461297 0.477196 0.088102
61 1499947666 0.199353 0.400000 0.192380 0.206327 0.015916
67 1499947666 0.469246 0.400000 0.461297 0.477196 0.088102
61 1499947667 0.199353 0.400000 0.192380 0.206327 0.015916
67 1499947667 0.469246 0.400000 0.461297 0.477196 0.088102
61 1499947668 0.199353 0.400000 0.192380 0.206327 0.015916
67 1499947668 0.469246 0.400000 0.461297 0.477196 0.088102
61 1499947669 0.199353 0.400000 0.192380 0.206327 0.015916
67 1499947669 0.469246 0.400000 0.461297 0.477196 0.088102
61 1499947670 0.217459 0.400000 0.201838 0.233081 0.019013
67 1499947670 0.535238 0.200000 0.535238 0.535238 0.057296
61 1499947671 0.217459 0.400000 0.201838 0.233081 0.019013
67 1499947671 0.535238 0.200000 0.535238 0.535238 0.057296
61 1499947672 0.217459 0.400000 0.201838 0.233081 0.019013
67 1499947672 0.535238 0.200000 0.535238 0.535238 0.057296
61 1499947673 0.217459 0.400000 0.201838 0.233081 0.019013
67 1499947673 0.535238 0.200000 0.535238 0.535238 0.057296
61 1499947674 0.217459 0.400000 0.201838 0.233081 0.019013
67 1499947674 0.535238 0.200000 0.535238 0.535238 0.057296
61 1499947675 0.229367 0.600000 0.197650 0.284872 0.032496
67 1499947675 0.487018 0.200000 0.487018 0.487018 0.047437
61 1499947676 0.229367 0.600000 0.197650 0.284872 0.032496
67 1499947676 0.487018 0.200000 0.487018 0.487018 0.047437
61 1499947677 0.229367 0.600000 0.197650 0.284872 0.032496
67 1499947677 0.487018 0.200000 0.487018 0.487018 0.047437
61 1499947678 0.229367 0.600000 0.197650 0.284872 0.032496
67 1499947678 0.487018 0.200000 0.487018 0.487018 0.047437
61 1499947679 0.229367 0.600000 0.197650 0.284872 0.032496
67 1499947679 0.487018 0.200000 0.487018 0.487018 0.047437
61 1499947680 0.188760 0.200000 0.188760 0.188760 0.007126
67 1499947680 0.584015 0.400000 0.494035 0.673995 0.139668
61 1499947681 0.188760 0.200000 0.188760 0.188760 0.007126
67 1499947681 0.584015 0.400000 0.494035 0.673995 0.139668
61 1499947682 0.188760 0.200000 0.188760 0.188760 0.007126
67 1499947682 0.584015 0.400000 0.494035 0.673995 0.139668
61 1499947683 0.188760 0.200000 0.188760 0.188760 0.007126
67 1499947683 0.584015 0.400000 0.494035 0.673995 0.139668
61 1499947684 0.188760 0.200000 0.188760 0.188760 0.007126
67 1499947684 0.584015 0.400000 0.494035 0.673995 0.139668
61 1499947685 0.208681 0.600000 0.192135 0.238389 0.026395
67 1499947685 0.517454 0.400000 0.495311 0.539598 0.107300
61 1499947686 0.208681 0.600000 0.192135 0.238389 0.026395
67 1499947686 0.517454 0.400000 0.495311 0.539598 0.107300
61 1499947687 0.208681 0.600000 0.192135 0.238389 0.026395
67 1499947687 0.517454 0.400000 0.495311 0.539598 0.107300
61 1499947688 0.208681 0.600000 0.192135 0.238389 0.026395
67 1499947688 0.517454 0.400000 0.495311 0.539598 0.107300
61 1499947689 0.208681 0.600000 0.192135 0.238389 0.026395
67 1499947689 0.517454 0.400000 0.495311 0.539598 0.107300
61 1499947690 0.239703 0.600000 0.204049 0.292150 0.035335
67 1499947690 0.812745 0.400000 0.810122 0.815368 0.264224
61 1499947691 0.239703 0.600000 0.204049 0.292150 0.035335
67 1499947691 0.812745 0.400000 0.810122 0.815368 0.264224
61 1499947692 0.239703 0.600000 0.204049 0.292150 0.035335
67 1499947692 0.812745 0.400000 0.810122 0.815368 0.264224
61 1499947693 0.239703 0.600000 0.204049 0.292150 0.035335
67 1499947693 0.812745 0.400000 0.810122 0.815368 0.264224
61 1499947694 0.239703 0.600000 0.204049 0.292150 0.035335
67 1499947694 0.812745 0.400000 0.810122 0.815368 0.264224
61 1499947695 0.203158 0.800000 0.189165 0.212847 0.033086
67 1499947695 0.715857 0.400000 0.694732 0.736981 0.205159
67 1499947696 0.715857 0.400000 0.694732 0.736981 0.205159
61 1499947696 0.203158 0.800000 0.189165 0.212847 0.033086
61 1499947697 0.203158 0.800000 0.189165 0.212847 0.033086
67 1499947697 0.715857 0.400000 0.694732 0.736981 0.205159
61 1499947698 0.203158 0.800000 0.189165 0.212847 0.033086
67 1499947698 0.715857 0.400000 0.694732 0.736981 0.205159
61 1499947699 0.203158 0.800000 0.189165 0.212847 0.033086
67 1499947699 0.715857 0.400000 0.694732 0.736981 0.205159
61 1499947700 0.195425 0.400000 0.188909 0.201940 0.015293
67 1499947700 0.615063 0.600000 0.576851 0.636081 0.227421
67 1499947701 0.615063 0.600000 0.576851 0.636081 0.227421
61 1499947701 0.195425 0.400000 0.188909 0.201940 0.015293
61 1499947702 0.195425 0.400000 0.188909 0.201940 0.015293
67 1499947702 0.615063 0.600000 0.576851 0.636081 0.227421
61 1499947703 0.195425 0.400000 0.188909 0.201940 0.015293
67 1499947703 0.615063 0.600000 0.576851 0.636081 0.227421
61 1499947704 0.195425 0.400000 0.188909 0.201940 0.015293
67 1499947704 0.615063 0.600000 0.576851 0.636081 0.227421
61 1499947705 0.488438 0.200000 0.488438 0.488438 0.047714
67 1499947705 0.826214 1.000000 0.605354 1.088096 0.714440
67 1499947706 0.826214 1.000000 0.605354 1.088096 0.714440
61 1499947706 0.488438 0.200000 0.488438 0.488438 0.047714
61 1499947707 0.488438 0.200000 0.488438 0.488438 0.047714
67 1499947707 0.826214 1.000000 0.605354 1.088096 0.714440
61 1499947708 0.488438 0.200000 0.488438 0.488438 0.047714
67 1499947708 0.826214 1.000000 0.605354 1.088096 0.714440
61 1499947709 0.488438 0.200000 0.488438 0.488438 0.047714
61 1499947710 0.220410 0.400000 0.219499 0.221320 0.019432
67 1499947709 0.826214 1.000000 0.605354 1.088096 0.714440
67 1499947710 0.695015 0.400000 0.529680 0.860349 0.204152
61 1499947711 0.220410 0.400000 0.219499 0.221320 0.019432
67 1499947711 0.695015 0.400000 0.529680 0.860349 0.204152
61 1499947712 0.220410 0.400000 0.219499 0.221320 0.019432
67 1499947712 0.695015 0.400000 0.529680 0.860349 0.204152
61 1499947713 0.220410 0.400000 0.219499 0.221320 0.019432
67 1499947713 0.695015 0.400000 0.529680 0.860349 0.204152
61 1499947714 0.220410 0.400000 0.219499 0.221320 0.019432
67 1499947714 0.695015 0.400000 0.529680 0.860349 0.204152
61 1499947715 0.219484 0.200000 0.219484 0.219484 0.009635
67 1499947715 0.583595 0.200000 0.583595 0.583595 0.068117
61 1499947716 0.219484 0.200000 0.219484 0.219484 0.009635
67 1499947716 0.583595 0.200000 0.583595 0.583595 0.068117
61 1499947717 0.219484 0.200000 0.219484 0.219484 0.009635
67 1499947717 0.583595 0.200000 0.583595 0.583595 0.068117
61 1499947718 0.219484 0.200000 0.219484 0.219484 0.009635
67 1499947718 0.583595 0.200000 0.583595 0.583595 0.068117
61 1499947719 0.219484 0.200000 0.219484 0.219484 0.009635
67 1499947719 0.583595 0.200000 0.583595 0.583595 0.068117
61 1499947720 0.393750 0.400000 0.385906 0.401594 0.062040
67 1499947720 0.550855 0.200000 0.550855 0.550855 0.060688
61 1499947721 0.393750 0.400000 0.385906 0.401594 0.062040
67 1499947721 0.550855 0.200000 0.550855 0.550855 0.060688
61 1499947722 0.393750 0.400000 0.385906 0.401594 0.062040
67 1499947722 0.550855 0.200000 0.550855 0.550855 0.060688
61 1499947723 0.393750 0.400000 0.385906 0.401594 0.062040
67 1499947723 0.550855 0.200000 0.550855 0.550855 0.060688
61 1499947724 0.393750 0.400000 0.385906 0.401594 0.062040
67 1499947724 0.550855 0.200000 0.550855 0.550855 0.060688
61 1499947725 0.280137 0.600000 0.212753 0.407087 0.051927
67 1499947725 1.007465 0.400000 0.998628 1.016302 0.406026
61 1499947726 0.280137 0.600000 0.212753 0.407087 0.051927
67 1499947726 1.007465 0.400000 0.998628 1.016302 0.406026
61 1499947727 0.280137 0.600000 0.212753 0.407087 0.051927
67 1499947727 1.007465 0.400000 0.998628 1.016302 0.406026
61 1499947728 0.280137 0.600000 0.212753 0.407087 0.051927
67 1499947728 1.007465 0.400000 0.998628 1.016302 0.406026
61 1499947729 0.280137 0.600000 0.212753 0.407087 0.051927
67 1499947729 1.007465 0.400000 0.998628 1.016302 0.406026
61 1499947730 0.215125 0.600000 0.180883 0.274861 0.028845
67 1499947730 0.801144 0.400000 0.692611 0.909676 0.261444
61 1499947731 0.215125 0.600000 0.180883 0.274861 0.028845
67 1499947731 0.801144 0.400000 0.692611 0.909676 0.261444
61 1499947732 0.215125 0.600000 0.180883 0.274861 0.028845
67 1499947732 0.801144 0.400000 0.692611 0.909676 0.261444
61 1499947733 0.215125 0.600000 0.180883 0.274861 0.028845
67 1499947733 0.801144 0.400000 0.692611 0.909676 0.261444
61 1499947734 0.215125 0.600000 0.180883 0.274861 0.028845
67 1499947734 0.801144 0.400000 0.692611 0.909676 0.261444
61 1499947735 0.218960 1.200000 0.179518 0.367536 0.062878
67 1499947735 0.629510 0.600000 0.510704 0.704118 0.242097
61 1499947736 0.218960 1.200000 0.179518 0.367536 0.062878
67 1499947736 0.629510 0.600000 0.510704 0.704118 0.242097
61 1499947737 0.218960 1.200000 0.179518 0.367536 0.062878
67 1499947737 0.629510 0.600000 0.510704 0.704118 0.242097
61 1499947738 0.218960 1.200000 0.179518 0.367536 0.062878
67 1499947738 0.629510 0.600000 0.510704 0.704118 0.242097
61 1499947739 0.218960 1.200000 0.179518 0.367536 0.062878
67 1499947739 0.629510 0.600000 0.510704 0.704118 0.242097
61 1499947740 0.221137 1.400000 0.177416 0.311900 0.070999
67 1499947740 0.620303 0.400000 0.560951 0.679654 0.155319
61 1499947741 0.221137 1.400000 0.177416 0.311900 0.070999
67 1499947741 0.620303 0.400000 0.560951 0.679654 0.155319
61 1499947742 0.221137 1.400000 0.177416 0.311900 0.070999
67 1499947742 0.620303 0.400000 0.560951 0.679654 0.155319
61 1499947743 0.221137 1.400000 0.177416 0.311900 0.070999
67 1499947743 0.620303 0.400000 0.560951 0.679654 0.155319
61 1499947744 0.221137 1.400000 0.177416 0.311900 0.070999
67 1499947744 0.620303 0.400000 0.560951 0.679654 0.155319
61 1499947745 0.349604 0.400000 0.268875 0.430334 0.051496
67 1499947745 1.071856 1.400000 0.854203 1.315004 1.648064
61 1499947746 0.349604 0.400000 0.268875 0.430334 0.051496
67 1499947746 1.071856 1.400000 0.854203 1.315004 1.648064
61 1499947747 0.349604 0.400000 0.268875 0.430334 0.051496
67 1499947747 1.071856 1.400000 0.854203 1.315004 1.648064
61 1499947748 0.349604 0.400000 0.268875 0.430334 0.051496
67 1499947748 1.071856 1.400000 0.854203 1.315004 1.648064
61 1499947749 0.349604 0.400000 0.268875 0.430334 0.051496
67 1499947749 1.071856 1.400000 0.854203 1.315004 1.648064
61 1499947750 0.343526 0.200000 0.343526 0.343526 0.023602
67 1499947750 0.944365 1.200000 0.686878 1.303277 1.131208
61 1499947751 0.343526 0.200000 0.343526 0.343526 0.023602
67 1499947751 0.944365 1.200000 0.686878 1.303277 1.131208
61 1499947752 0.343526 0.200000 0.343526 0.343526 0.023602
67 1499947752 0.944365 1.200000 0.686878 1.303277 1.131208
61 1499947753 0.343526 0.200000 0.343526 0.343526 0.023602
67 1499947753 0.944365 1.200000 0.686878 1.303277 1.131208
61 1499947754 0.343526 0.200000 0.343526 0.343526 0.023602
67 1499947754 0.944365 1.200000 0.686878 1.303277 1.131208
61 1499947755 0.405807 0.600000 0.343046 0.450299 0.100058
67 1499947755 0.916754 0.800000 0.634234 1.145609 0.701503
61 1499947756 0.405807 0.600000 0.343046 0.450299 0.100058
67 1499947756 0.916754 0.800000 0.634234 1.145609 0.701503
61 1499947757 0.405807 0.600000 0.343046 0.450299 0.100058
67 1499947757 0.916754 0.800000 0.634234 1.145609 0.701503
61 1499947758 0.405807 0.600000 0.343046 0.450299 0.100058
67 1499947758 0.916754 0.800000 0.634234 1.145609 0.701503
61 1499947759 0.405807 0.600000 0.343046 0.450299 0.100058
67 1499947759 0.916754 0.800000 0.634234 1.145609 0.701503
61 1499947760 0.214882 1.000000 0.185115 0.291083 0.047661
67 1499947760 0.506020 0.200000 0.506020 0.506020 0.051211
61 1499947761 0.214882 1.000000 0.185115 0.291083 0.047661
67 1499947761 0.506020 0.200000 0.506020 0.506020 0.051211
61 1499947762 0.214882 1.000000 0.185115 0.291083 0.047661
67 1499947762 0.506020 0.200000 0.506020 0.506020 0.051211
61 1499947763 0.214882 1.000000 0.185115 0.291083 0.047661
67 1499947763 0.506020 0.200000 0.506020 0.506020 0.051211
61 1499947764 0.214882 1.000000 0.185115 0.291083 0.047661
67 1499947764 0.506020 0.200000 0.506020 0.506020 0.051211
61 1499947765 0.290073 0.400000 0.197498 0.382648 0.037085
67 1499947765 0.770232 0.600000 0.505073 0.947358 0.377841
61 1499947766 0.290073 0.400000 0.197498 0.382648 0.037085
67 1499947766 0.770232 0.600000 0.505073 0.947358 0.377841
61 1499947767 0.290073 0.400000 0.197498 0.382648 0.037085
67 1499947767 0.770232 0.600000 0.505073 0.947358 0.377841
61 1499947768 0.290073 0.400000 0.197498 0.382648 0.037085
67 1499947768 0.770232 0.600000 0.505073 0.947358 0.377841
61 1499947769 0.290073 0.400000 0.197498 0.382648 0.037085
67 1499947769 0.770232 0.600000 0.505073 0.947358 0.377841
61 1499947770 0.241382 0.400000 0.199672 0.283092 0.024002
67 1499947770 0.702971 0.600000 0.499478 0.849047 0.309709
61 1499947771 0.241382 0.400000 0.199672 0.283092 0.024002
67 1499947771 0.702971 0.600000 0.499478 0.849047 0.309709
61 1499947772 0.241382 0.400000 0.199672 0.283092 0.024002
67 1499947772 0.702971 0.600000 0.499478 0.849047 0.309709
61 1499947773 0.241382 0.400000 0.199672 0.283092 0.024002
67 1499947773 0.702971 0.600000 0.499478 0.849047 0.309709
61 1499947774 0.241382 0.400000 0.199672 0.283092 0.024002
67 1499947774 0.702971 0.600000 0.499478 0.849047 0.309709
61 1499947775 0.275309 1.000000 0.194830 0.384280 0.080239
67 1499947775 0.799129 0.600000 0.500981 1.034882 0.412837
67 1499947776 0.799129 0.600000 0.500981 1.034882 0.412837
61 1499947776 0.275309 1.000000 0.194830 0.384280 0.080239
61 1499947777 0.275309 1.000000 0.194830 0.384280 0.080239
67 1499947777 0.799129 0.600000 0.500981 1.034882 0.412837
61 1499947778 0.275309 1.000000 0.194830 0.384280 0.080239
67 1499947778 0.799129 0.600000 0.500981 1.034882 0.412837
61 1499947779 0.275309 1.000000 0.194830 0.384280 0.080239
67 1499947779 0.799129 0.600000 0.500981 1.034882 0.412837
61 1499947780 0.272462 0.800000 0.187210 0.347739 0.062280
67 1499947780 0.774835 0.600000 0.713411 0.840797 0.361850
67 1499947781 0.774835 0.600000 0.713411 0.840797 0.361850
61 1499947781 0.272462 0.800000 0.187210 0.347739 0.062280
61 1499947782 0.272462 0.800000 0.187210 0.347739 0.062280
67 1499947782 0.774835 0.600000 0.713411 0.840797 0.361850
61 1499947783 0.272462 0.800000 0.187210 0.347739 0.062280
67 1499947783 0.774835 0.600000 0.713411 0.840797 0.361850
61 1499947784 0.272462 0.800000 0.187210 0.347739 0.062280
67 1499947784 0.774835 0.600000 0.713411 0.840797 0.361850
61 1499947785 0.199631 0.400000 0.193996 0.205266 0.015954
67 1499947785 0.512494 0.600000 0.476365 0.557850 0.158279
61 1499947786 0.199631 0.400000 0.193996 0.205266 0.015954
67 1499947786 0.512494 0.600000 0.476365 0.557850 0.158279
61 1499947787 0.199631 0.400000 0.193996 0.205266 0.015954
67 1499947787 0.512494 0.600000 0.476365 0.557850 0.158279
61 1499947788 0.199631 0.400000 0.193996 0.205266 0.015954
67 1499947788 0.512494 0.600000 0.476365 0.557850 0.158279
61 1499947789 0.199631 0.400000 0.193996 0.205266 0.015954
67 1499947789 0.512494 0.600000 0.476365 0.557850 0.158279
61 1499947790 0.261225 1.400000 0.185895 0.454897 0.109429
67 1499947790 2.221155 0.600000 1.085075 4.261960 4.214936
61 1499947791 0.261225 1.400000 0.185895 0.454897 0.109429
67 1499947791 2.221155 0.600000 1.085075 4.261960 4.214936
61 1499947792 0.261225 1.400000 0.185895 0.454897 0.109429
67 1499947792 2.221155 0.600000 1.085075 4.261960 4.214936
61 1499947793 0.261225 1.400000 0.185895 0.454897 0.109429
67 1499947793 2.221155 0.600000 1.085075 4.261960 4.214936
61 1499947794 0.261225 1.400000 0.185895 0.454897 0.109429
67 1499947794 2.221155 0.600000 1.085075 4.261960 4.214936
61 1499947795 0.239169 1.200000 0.190899 0.385008 0.074635
67 1499947795 9.297680 0.200000 9.297680 9.297680 17.289370
64 1499947795 7.576713 0.200000 7.576713 7.576713 11.481316
61 1499947796 0.239169 1.200000 0.190899 0.385008 0.074635
67 1499947796 9.297680 0.200000 9.297680 9.297680 17.289370
64 1499947796 7.576713 0.200000 7.576713 7.576713 11.481316
61 1499947797 0.239169 1.200000 0.190899 0.385008 0.074635
67 1499947797 9.297680 0.200000 9.297680 9.297680 17.289370
64 1499947797 7.576713 0.200000 7.576713 7.576713 11.481316
61 1499947798 0.239169 1.200000 0.190899 0.385008 0.074635
67 1499947798 9.297680 0.200000 9.297680 9.297680 17.289370
64 1499947798 7.576713 0.200000 7.576713 7.576713 11.481316
61 1499947799 0.239169 1.200000 0.190899 0.385008 0.074635
67 1499947799 9.297680 0.200000 9.297680 9.297680 17.289370
64 1499947799 7.576713 0.200000 7.576713 7.576713 11.481316
61 1499947800 0.237785 0.800000 0.191677 0.315743 0.047215
67 1499947800 7.579535 0.600000 6.604299 9.350450 35.413679
61 1499947801 0.237785 0.800000 0.191677 0.315743 0.047215
67 1499947801 7.579535 0.600000 6.604299 9.350450 35.413679
61 1499947802 0.237785 0.800000 0.191677 0.315743 0.047215
67 1499947802 7.579535 0.600000 6.604299 9.350450 35.413679
61 1499947803 0.237785 0.800000 0.191677 0.315743 0.047215
67 1499947803 7.579535 0.600000 6.604299 9.350450 35.413679
61 1499947804 0.237785 0.800000 0.191677 0.315743 0.047215
67 1499947804 7.579535 0.600000 6.604299 9.350450 35.413679
61 1499947805 0.489925 0.400000 0.395524 0.584325 0.099575
67 1499947805 3.115859 2.600000 1.940088 5.494106 28.133458
61 1499947806 0.489925 0.400000 0.395524 0.584325 0.099575
67 1499947806 3.115859 2.600000 1.940088 5.494106 28.133458
61 1499947807 0.489925 0.400000 0.395524 0.584325 0.099575
67 1499947807 3.115859 2.600000 1.940088 5.494106 28.133458
61 1499947808 0.489925 0.400000 0.395524 0.584325 0.099575
67 1499947808 3.115859 2.600000 1.940088 5.494106 28.133458
61 1499947809 0.489925 0.400000 0.395524 0.584325 0.099575
67 1499947809 3.115859 2.600000 1.940088 5.494106 28.133458
61 1499947810 0.400149 0.600000 0.296304 0.481690 0.099658
67 1499947810 0.870471 0.800000 0.499232 1.116272 0.648939
61 1499947811 0.400149 0.600000 0.296304 0.481690 0.099658
67 1499947811 0.870471 0.800000 0.499232 1.116272 0.648939
61 1499947812 0.400149 0.600000 0.296304 0.481690 0.099658
67 1499947812 0.870471 0.800000 0.499232 1.116272 0.648939
61 1499947813 0.400149 0.600000 0.296304 0.481690 0.099658
67 1499947813 0.870471 0.800000 0.499232 1.116272 0.648939
61 1499947814 0.400149 0.600000 0.296304 0.481690 0.099658
67 1499947814 0.870471 0.800000 0.499232 1.116272 0.648939
61 1499947815 0.290134 0.600000 0.208704 0.336898 0.052511
67 1499947815 0.839564 0.200000 0.839564 0.839564 0.140974
61 1499947816 0.290134 0.600000 0.208704 0.336898 0.052511
67 1499947816 0.839564 0.200000 0.839564 0.839564 0.140974
61 1499947817 0.290134 0.600000 0.208704 0.336898 0.052511
67 1499947817 0.839564 0.200000 0.839564 0.839564 0.140974
61 1499947818 0.290134 0.600000 0.208704 0.336898 0.052511
67 1499947818 0.839564 0.200000 0.839564 0.839564 0.140974
61 1499947819 0.290134 0.600000 0.208704 0.336898 0.052511
67 1499947819 0.839564 0.200000 0.839564 0.839564 0.140974
61 1499947820 0.251707 0.600000 0.188245 0.292018 0.039251
67 1499947820 0.920892 0.800000 0.563712 1.277848 0.761408
61 1499947821 0.251707 0.600000 0.188245 0.292018 0.039251
67 1499947821 0.920892 0.800000 0.563712 1.277848 0.761408
61 1499947822 0.251707 0.600000 0.188245 0.292018 0.039251
67 1499947822 0.920892 0.800000 0.563712 1.277848 0.761408
61 1499947823 0.251707 0.600000 0.188245 0.292018 0.039251
67 1499947823 0.920892 0.800000 0.563712 1.277848 0.761408
61 1499947824 0.251707 0.600000 0.188245 0.292018 0.039251
67 1499947824 0.920892 0.800000 0.563712 1.277848 0.761408
61 1499947825 0.247243 1.200000 0.184927 0.372590 0.078294
67 1499947825 0.587953 0.400000 0.513658 0.662248 0.140483
64 1499947825 0.505422 0.200000 0.505422 0.505422 0.051090
61 1499947826 0.247243 1.200000 0.184927 0.372590 0.078294
67 1499947826 0.587953 0.400000 0.513658 0.662248 0.140483
64 1499947826 0.505422 0.200000 0.505422 0.505422 0.051090
61 1499947827 0.247243 1.200000 0.184927 0.372590 0.078294
67 1499947827 0.587953 0.400000 0.513658 0.662248 0.140483
64 1499947827 0.505422 0.200000 0.505422 0.505422 0.051090
61 1499947828 0.247243 1.200000 0.184927 0.372590 0.078294
67 1499947828 0.587953 0.400000 0.513658 0.662248 0.140483
64 1499947828 0.505422 0.200000 0.505422 0.505422 0.051090
61 1499947829 0.247243 1.200000 0.184927 0.372590 0.078294
67 1499947829 0.587953 0.400000 0.513658 0.662248 0.140483
64 1499947829 0.505422 0.200000 0.505422 0.505422 0.051090
61 1499947830 0.212342 1.000000 0.183811 0.266028 0.045947
67 1499947830 0.875671 0.400000 0.836437 0.914904 0.307335
61 1499947831 0.212342 1.000000 0.183811 0.266028 0.045947
67 1499947831 0.875671 0.400000 0.836437 0.914904 0.307335
61 1499947832 0.212342 1.000000 0.183811 0.266028 0.045947
67 1499947832 0.875671 0.400000 0.836437 0.914904 0.307335
61 1499947833 0.212342 1.000000 0.183811 0.266028 0.045947
67 1499947833 0.875671 0.400000 0.836437 0.914904 0.307335
61 1499947834 0.212342 1.000000 0.183811 0.266028 0.045947
67 1499947834 0.875671 0.400000 0.836437 0.914904 0.307335
61 1499947835 0.319996 1.000000 0.280241 0.369658 0.103386
67 1499947835 0.923607 1.200000 0.844288 1.051962 1.031271
61 1499947836 0.319996 1.000000 0.280241 0.369658 0.103386
67 1499947836 0.923607 1.200000 0.844288 1.051962 1.031271
61 1499947837 0.319996 1.000000 0.280241 0.369658 0.103386
67 1499947837 0.923607 1.200000 0.844288 1.051962 1.031271
61 1499947838 0.319996 1.000000 0.280241 0.369658 0.103386
67 1499947838 0.923607 1.200000 0.844288 1.051962 1.031271
61 1499947839 0.319996 1.000000 0.280241 0.369658 0.103386
67 1499947839 0.923607 1.200000 0.844288 1.051962 1.031271
61 1499947840 0.310554 1.200000 0.183301 0.447829 0.129148
67 1499947840 0.913163 1.000000 0.636048 1.314842 0.894996
61 1499947841 0.310554 1.200000 0.183301 0.447829 0.129148
67 1499947841 0.913163 1.000000 0.636048 1.314842 0.894996
61 1499947842 0.310554 1.200000 0.183301 0.447829 0.129148
67 1499947842 0.913163 1.000000 0.636048 1.314842 0.894996
61 1499947843 0.310554 1.200000 0.183301 0.447829 0.129148
67 1499947843 0.913163 1.000000 0.636048 1.314842 0.894996
61 1499947844 0.310554 1.200000 0.183301 0.447829 0.129148
67 1499947844 0.913163 1.000000 0.636048 1.314842 0.894996
61 1499947845 0.334160 1.000000 0.200788 0.434041 0.118108
67 1499947845 1.158282 0.800000 0.947494 1.359558 1.096525
61 1499947846 0.334160 1.000000 0.200788 0.434041 0.118108
67 1499947846 1.158282 0.800000 0.947494 1.359558 1.096525
61 1499947847 0.334160 1.000000 0.200788 0.434041 0.118108
67 1499947847 1.158282 0.800000 0.947494 1.359558 1.096525
61 1499947848 0.334160 1.000000 0.200788 0.434041 0.118108
67 1499947848 1.158282 0.800000 0.947494 1.359558 1.096525
61 1499947849 0.334160 1.000000 0.200788 0.434041 0.118108
67 1499947849 1.158282 0.800000 0.947494 1.359558 1.096525
61 1499947850 0.359686 1.200000 0.231795 0.461105 0.164124
67 1499947850 0.941181 1.200000 0.623230 1.285612 1.128438
61 1499947851 0.359686 1.200000 0.231795 0.461105 0.164124
67 1499947851 0.941181 1.200000 0.623230 1.285612 1.128438
67 1499947852 0.941181 1.200000 0.623230 1.285612 1.128438
61 1499947852 0.359686 1.200000 0.231795 0.461105 0.164124
61 1499947853 0.359686 1.200000 0.231795 0.461105 0.164124
67 1499947853 0.941181 1.200000 0.623230 1.285612 1.128438
61 1499947854 0.359686 1.200000 0.231795 0.461105 0.164124
67 1499947854 0.941181 1.200000 0.623230 1.285612 1.128438
61 1499947855 0.399331 0.800000 0.318565 0.456107 0.129584
61 1499947856 0.399331 0.800000 0.318565 0.456107 0.129584
67 1499947855 1.213353 1.400000 0.808915 2.330450 2.385330
67 1499947856 1.213353 1.400000 0.808915 2.330450 2.385330
67 1499947857 1.213353 1.400000 0.808915 2.330450 2.385330
61 1499947857 0.399331 0.800000 0.318565 0.456107 0.129584
61 1499947858 0.399331 0.800000 0.318565 0.456107 0.129584
67 1499947858 1.213353 1.400000 0.808915 2.330450 2.385330
61 1499947859 0.399331 0.800000 0.318565 0.456107 0.129584
67 1499947859 1.213353 1.400000 0.808915 2.330450 2.385330
61 1499947860 0.257814 0.800000 0.187297 0.408869 0.059568
67 1499947860 0.834402 0.800000 0.610435 1.073236 0.580832
61 1499947861 0.257814 0.800000 0.187297 0.408869 0.059568
67 1499947861 0.834402 0.800000 0.610435 1.073236 0.580832
67 1499947862 0.834402 0.800000 0.610435 1.073236 0.580832
61 1499947862 0.257814 0.800000 0.187297 0.408869 0.059568
61 1499947863 0.257814 0.800000 0.187297 0.408869 0.059568
67 1499947863 0.834402 0.800000 0.610435 1.073236 0.580832
61 1499947864 0.257814 0.800000 0.187297 0.408869 0.059568
67 1499947864 0.834402 0.800000 0.610435 1.073236 0.580832
61 1499947865 0.386936 0.800000 0.229493 0.514881 0.131405
67 1499947865 1.151614 1.000000 0.677712 1.423398 1.395215
61 1499947866 0.386936 0.800000 0.229493 0.514881 0.131405
67 1499947866 1.151614 1.000000 0.677712 1.423398 1.395215
67 1499947867 1.151614 1.000000 0.677712 1.423398 1.395215
61 1499947867 0.386936 0.800000 0.229493 0.514881 0.131405
61 1499947868 0.386936 0.800000 0.229493 0.514881 0.131405
67 1499947868 1.151614 1.000000 0.677712 1.423398 1.395215
61 1499947869 0.386936 0.800000 0.229493 0.514881 0.131405
67 1499947869 1.151614 1.000000 0.677712 1.423398 1.395215
61 1499947870 0.285510 0.200000 0.285510 0.285510 0.016303
67 1499947870 0.729110 0.600000 0.644080 0.824922 0.322266
64 1499947870 0.869901 0.200000 0.869901 0.869901 0.151346
61 1499947871 0.285510 0.200000 0.285510 0.285510 0.016303
67 1499947871 0.729110 0.600000 0.644080 0.824922 0.322266
64 1499947871 0.869901 0.200000 0.869901 0.869901 0.151346
67 1499947872 0.729110 0.600000 0.644080 0.824922 0.322266
61 1499947872 0.285510 0.200000 0.285510 0.285510 0.016303
64 1499947872 0.869901 0.200000 0.869901 0.869901 0.151346
61 1499947873 0.285510 0.200000 0.285510 0.285510 0.016303
67 1499947873 0.729110 0.600000 0.644080 0.824922 0.322266
64 1499947873 0.869901 0.200000 0.869901 0.869901 0.151346
61 1499947874 0.285510 0.200000 0.285510 0.285510 0.016303
67 1499947874 0.729110 0.600000 0.644080 0.824922 0.322266
64 1499947874 0.869901 0.200000 0.869901 0.869901 0.151346
61 1499947875 0.223695 1.000000 0.180617 0.348595 0.054002
67 1499947875 1.037095 1.000000 0.692540 1.482477 1.141509
61 1499947876 0.223695 1.000000 0.180617 0.348595 0.054002
67 1499947876 1.037095 1.000000 0.692540 1.482477 1.141509
67 1499947877 1.037095 1.000000 0.692540 1.482477 1.141509
61 1499947877 0.223695 1.000000 0.180617 0.348595 0.054002
61 1499947878 0.223695 1.000000 0.180617 0.348595 0.054002
67 1499947878 1.037095 1.000000 0.692540 1.482477 1.141509
61 1499947879 0.223695 1.000000 0.180617 0.348595 0.054002
67 1499947879 1.037095 1.000000 0.692540 1.482477 1.141509
61 1499947880 0.243831 0.400000 0.187830 0.299833 0.025036
67 1499947880 0.522160 0.200000 0.522160 0.522160 0.054530
61 1499947881 0.243831 0.400000 0.187830 0.299833 0.025036
67 1499947881 0.522160 0.200000 0.522160 0.522160 0.054530
67 1499947882 0.522160 0.200000 0.522160 0.522160 0.054530
61 1499947882 0.243831 0.400000 0.187830 0.299833 0.025036
61 1499947883 0.243831 0.400000 0.187830 0.299833 0.025036
67 1499947883 0.522160 0.200000 0.522160 0.522160 0.054530
61 1499947884 0.243831 0.400000 0.187830 0.299833 0.025036
67 1499947884 0.522160 0.200000 0.522160 0.522160 0.054530
61 1499947885 0.284284 1.800000 0.178941 0.429877 0.157867
67 1499947885 0.865473 0.600000 0.725992 1.026396 0.458588
61 1499947886 0.284284 1.800000 0.178941 0.429877 0.157867
67 1499947886 0.865473 0.600000 0.725992 1.026396 0.458588
67 1499947887 0.865473 0.600000 0.725992 1.026396 0.458588
61 1499947887 0.284284 1.800000 0.178941 0.429877 0.157867
61 1499947888 0.284284 1.800000 0.178941 0.429877 0.157867
67 1499947888 0.865473 0.600000 0.725992 1.026396 0.458588
61 1499947889 0.284284 1.800000 0.178941 0.429877 0.157867
67 1499947889 0.865473 0.600000 0.725992 1.026396 0.458588
61 1499947890 0.244788 1.400000 0.181908 0.345644 0.089570
67 1499947890 0.959962 0.600000 0.887879 1.035188 0.555090
61 1499947891 0.244788 1.400000 0.181908 0.345644 0.089570
67 1499947891 0.959962 0.600000 0.887879 1.035188 0.555090
67 1499947892 0.959962 0.600000 0.887879 1.035188 0.555090
61 1499947892 0.244788 1.400000 0.181908 0.345644 0.089570
61 1499947893 0.244788 1.400000 0.181908 0.345644 0.089570
67 1499947893 0.959962 0.600000 0.887879 1.035188 0.555090
61 1499947894 0.244788 1.400000 0.181908 0.345644 0.089570
67 1499947894 0.959962 0.600000 0.887879 1.035188 0.555090
61 1499947895 0.584325 1.400000 0.295740 1.593716 0.724679
67 1499947895 1.729919 1.200000 0.510927 2.421339 4.108132
64 1499947895 1.282787 0.200000 1.282787 1.282787 0.329108
61 1499947896 0.584325 1.400000 0.295740 1.593716 0.724679
67 1499947896 1.729919 1.200000 0.510927 2.421339 4.108132
64 1499947896 1.282787 0.200000 1.282787 1.282787 0.329108
67 1499947897 1.729919 1.200000 0.510927 2.421339 4.108132
61 1499947897 0.584325 1.400000 0.295740 1.593716 0.724679
64 1499947897 1.282787 0.200000 1.282787 1.282787 0.329108
61 1499947898 0.584325 1.400000 0.295740 1.593716 0.724679
67 1499947898 1.729919 1.200000 0.510927 2.421339 4.108132
64 1499947898 1.282787 0.200000 1.282787 1.282787 0.329108
61 1499947899 0.584325 1.400000 0.295740 1.593716 0.724679
67 1499947899 1.729919 1.200000 0.510927 2.421339 4.108132
64 1499947899 1.282787 0.200000 1.282787 1.282787 0.329108
61 1499947900 0.478277 0.600000 0.408712 0.526331 0.138771
67 1499947900 1.433945 1.000000 0.551612 1.776753 2.259145
64 1499947900 1.445935 0.200000 1.445935 1.445935 0.418146
61 1499947901 0.478277 0.600000 0.408712 0.526331 0.138771
67 1499947901 1.433945 1.000000 0.551612 1.776753 2.259145
64 1499947901 1.445935 0.200000 1.445935 1.445935 0.418146
67 1499947902 1.433945 1.000000 0.551612 1.776753 2.259145
61 1499947902 0.478277 0.600000 0.408712 0.526331 0.138771
64 1499947902 1.445935 0.200000 1.445935 1.445935 0.418146
61 1499947903 0.478277 0.600000 0.408712 0.526331 0.138771
67 1499947903 1.433945 1.000000 0.551612 1.776753 2.259145
64 1499947903 1.445935 0.200000 1.445935 1.445935 0.418146
61 1499947904 0.478277 0.600000 0.408712 0.526331 0.138771
67 1499947904 1.433945 1.000000 0.551612 1.776753 2.259145
64 1499947904 1.445935 0.200000 1.445935 1.445935 0.418146
61 1499947905 0.387311 0.800000 0.229150 0.512334 0.128250
67 1499947905 1.835208 1.800000 1.086833 2.330609 6.327083
61 1499947906 0.387311 0.800000 0.229150 0.512334 0.128250
67 1499947906 1.835208 1.800000 1.086833 2.330609 6.327083
67 1499947907 1.835208 1.800000 1.086833 2.330609 6.327083
61 1499947907 0.387311 0.800000 0.229150 0.512334 0.128250
61 1499947908 0.387311 0.800000 0.229150 0.512334 0.128250
67 1499947908 1.835208 1.800000 1.086833 2.330609 6.327083
61 1499947909 0.387311 0.800000 0.229150 0.512334 0.128250
67 1499947909 1.835208 1.800000 1.086833 2.330609 6.327083
61 1499947910 0.280557 0.400000 0.200220 0.360894 0.034066
67 1499947910 2.319650 0.800000 0.915369 2.880754 4.836931
61 1499947911 0.280557 0.400000 0.200220 0.360894 0.034066
67 1499947911 2.319650 0.800000 0.915369 2.880754 4.836931
67 1499947912 2.319650 0.800000 0.915369 2.880754 4.836931
61 1499947912 0.280557 0.400000 0.200220 0.360894 0.034066
61 1499947913 0.280557 0.400000 0.200220 0.360894 0.034066
67 1499947913 2.319650 0.800000 0.915369 2.880754 4.836931
61 1499947914 0.280557 0.400000 0.200220 0.360894 0.034066
67 1499947914 2.319650 0.800000 0.915369 2.880754 4.836931
61 1499947915 0.296427 0.600000 0.191928 0.503222 0.065551
67 1499947915 0.982023 1.000000 0.600431 1.476735 1.092325
61 1499947916 0.296427 0.600000 0.191928 0.503222 0.065551
67 1499947916 0.982023 1.000000 0.600431 1.476735 1.092325
67 1499947917 0.982023 1.000000 0.600431 1.476735 1.092325
61 1499947917 0.296427 0.600000 0.191928 0.503222 0.065551
61 1499947918 0.296427 0.600000 0.191928 0.503222 0.065551
67 1499947918 0.982023 1.000000 0.600431 1.476735 1.092325
61 1499947919 0.296427 0.600000 0.191928 0.503222 0.065551
67 1499947919 0.982023 1.000000 0.600431 1.476735 1.092325
61 1499947920 0.269066 0.800000 0.189234 0.389443 0.063170
67 1499947920 0.946576 0.400000 0.690385 1.202767 0.384656
61 1499947921 0.269066 0.800000 0.189234 0.389443 0.063170
67 1499947921 0.946576 0.400000 0.690385 1.202767 0.384656
67 1499947922 0.946576 0.400000 0.690385 1.202767 0.384656
61 1499947922 0.269066 0.800000 0.189234 0.389443 0.063170
61 1499947923 0.269066 0.800000 0.189234 0.389443 0.063170
67 1499947923 0.946576 0.400000 0.690385 1.202767 0.384656
61 1499947924 0.269066 0.800000 0.189234 0.389443 0.063170
67 1499947924 0.946576 0.400000 0.690385 1.202767 0.384656
61 1499947925 0.251809 1.200000 0.192811 0.336160 0.078844
67 1499947925 0.685422 0.600000 0.666110 0.713616 0.282132
61 1499947926 0.251809 1.200000 0.192811 0.336160 0.078844
67 1499947926 0.685422 0.600000 0.666110 0.713616 0.282132
67 1499947927 0.685422 0.600000 0.666110 0.713616 0.282132
61 1499947927 0.251809 1.200000 0.192811 0.336160 0.078844
61 1499947928 0.251809 1.200000 0.192811 0.336160 0.078844
67 1499947928 0.685422 0.600000 0.666110 0.713616 0.282132
61 1499947929 0.251809 1.200000 0.192811 0.336160 0.078844
67 1499947929 0.685422 0.600000 0.666110 0.713616 0.282132
61 1499947930 0.228599 0.800000 0.188865 0.323743 0.044240
67 1499947930 0.801329 0.800000 0.641798 0.906279 0.522944
61 1499947931 0.228599 0.800000 0.188865 0.323743 0.044240
67 1499947931 0.801329 0.800000 0.641798 0.906279 0.522944
61 1499947932 0.228599 0.800000 0.188865 0.323743 0.044240
67 1499947932 0.801329 0.800000 0.641798 0.906279 0.522944
61 1499947933 0.228599 0.800000 0.188865 0.323743 0.044240
67 1499947933 0.801329 0.800000 0.641798 0.906279 0.522944
61 1499947934 0.228599 0.800000 0.188865 0.323743 0.044240
67 1499947934 0.801329 0.800000 0.641798 0.906279 0.522944
61 1499947935 0.321438 0.600000 0.245994 0.398222 0.064311
67 1499947935 0.871906 1.000000 0.498084 1.110860 0.805252
61 1499947936 0.321438 0.600000 0.245994 0.398222 0.064311
67 1499947936 0.871906 1.000000 0.498084 1.110860 0.805252
61 1499947937 0.321438 0.600000 0.245994 0.398222 0.064311
67 1499947937 0.871906 1.000000 0.498084 1.110860 0.805252
61 1499947938 0.321438 0.600000 0.245994 0.398222 0.064311
67 1499947938 0.871906 1.000000 0.498084 1.110860 0.805252
61 1499947939 0.321438 0.600000 0.245994 0.398222 0.064311
67 1499947939 0.871906 1.000000 0.498084 1.110860 0.805252
61 1499947940 0.398666 1.000000 0.362625 0.422842 0.159384
67 1499947940 1.064079 1.000000 0.499549 1.386931 1.222642
61 1499947941 0.398666 1.000000 0.362625 0.422842 0.159384
67 1499947941 1.064079 1.000000 0.499549 1.386931 1.222642
67 1499947942 1.064079 1.000000 0.499549 1.386931 1.222642
61 1499947942 0.398666 1.000000 0.362625 0.422842 0.159384
61 1499947943 0.398666 1.000000 0.362625 0.422842 0.159384
67 1499947943 1.064079 1.000000 0.499549 1.386931 1.222642
61 1499947944 0.398666 1.000000 0.362625 0.422842 0.159384
67 1499947944 1.064079 1.000000 0.499549 1.386931 1.222642
61 1499947945 0.243666 1.200000 0.191189 0.300859 0.074020
67 1499947945 0.644414 0.200000 0.644414 0.644414 0.083054
64 1499947945 0.546078 0.200000 0.546078 0.546078 0.059640
61 1499947946 0.243666 1.200000 0.191189 0.300859 0.074020
67 1499947946 0.644414 0.200000 0.644414 0.644414 0.083054
64 1499947946 0.546078 0.200000 0.546078 0.546078 0.059640
67 1499947947 0.644414 0.200000 0.644414 0.644414 0.083054
61 1499947947 0.243666 1.200000 0.191189 0.300859 0.074020
64 1499947947 0.546078 0.200000 0.546078 0.546078 0.059640
61 1499947948 0.243666 1.200000 0.191189 0.300859 0.074020
67 1499947948 0.644414 0.200000 0.644414 0.644414 0.083054
64 1499947948 0.546078 0.200000 0.546078 0.546078 0.059640
61 1499947949 0.243666 1.200000 0.191189 0.300859 0.074020
67 1499947949 0.644414 0.200000 0.644414 0.644414 0.083054
64 1499947949 0.546078 0.200000 0.546078 0.546078 0.059640
61 1499947950 0.377706 1.200000 0.264086 0.538094 0.179316
67 1499947950 0.871124 1.000000 0.641272 1.171991 0.804361
61 1499947951 0.377706 1.200000 0.264086 0.538094 0.179316
67 1499947951 0.871124 1.000000 0.641272 1.171991 0.804361
67 1499947952 0.871124 1.000000 0.641272 1.171991 0.804361
61 1499947952 0.377706 1.200000 0.264086 0.538094 0.179316
61 1499947953 0.377706 1.200000 0.264086 0.538094 0.179316
67 1499947953 0.871124 1.000000 0.641272 1.171991 0.804361
61 1499947954 0.377706 1.200000 0.264086 0.538094 0.179316
67 1499947954 0.871124 1.000000 0.641272 1.171991 0.804361
61 1499947955 0.220089 0.600000 0.195641 0.265713 0.029689
67 1499947955 0.856242 1.200000 0.621985 1.136570 0.926822
61 1499947956 0.220089 0.600000 0.195641 0.265713 0.029689
67 1499947956 0.856242 1.200000 0.621985 1.136570 0.926822
67 1499947957 0.856242 1.200000 0.621985 1.136570 0.926822
61 1499947957 0.220089 0.600000 0.195641 0.265713 0.029689
61 1499947958 0.220089 0.600000 0.195641 0.265713 0.029689
67 1499947958 0.856242 1.200000 0.621985 1.136570 0.926822
61 1499947959 0.220089 0.600000 0.195641 0.265713 0.029689
67 1499947959 0.856242 1.200000 0.621985 1.136570 0.926822
61 1499947960 0.364141 0.800000 0.329357 0.418142 0.106948
67 1499947960 0.778719 1.000000 0.620977 0.967505 0.620763
61 1499947961 0.364141 0.800000 0.329357 0.418142 0.106948
67 1499947961 0.778719 1.000000 0.620977 0.967505 0.620763
67 1499947962 0.778719 1.000000 0.620977 0.967505 0.620763
61 1499947962 0.364141 0.800000 0.329357 0.418142 0.106948
61 1499947963 0.364141 0.800000 0.329357 0.418142 0.106948
67 1499947963 0.778719 1.000000 0.620977 0.967505 0.620763
61 1499947964 0.364141 0.800000 0.329357 0.418142 0.106948
67 1499947964 0.778719 1.000000 0.620977 0.967505 0.620763
61 1499947965 0.238932 0.800000 0.180602 0.380874 0.051145
67 1499947965 0.818966 0.600000 0.530384 1.117693 0.436947
61 1499947966 0.238932 0.800000 0.180602 0.380874 0.051145
67 1499947966 0.818966 0.600000 0.530384 1.117693 0.436947
67 1499947967 0.818966 0.600000 0.530384 1.117693 0.436947
61 1499947967 0.238932 0.800000 0.180602 0.380874 0.051145
61 1499947968 0.238932 0.800000 0.180602 0.380874 0.051145
67 1499947968 0.818966 0.600000 0.530384 1.117693 0.436947
61 1499947969 0.238932 0.800000 0.180602 0.380874 0.051145
67 1499947969 0.818966 0.600000 0.530384 1.117693 0.436947
61 1499947970 0.222632 1.000000 0.179187 0.250570 0.050178
67 1499947970 7.059565 0.400000 7.057806 7.061325 19.934986
61 1499947971 0.222632 1.000000 0.179187 0.250570 0.050178
67 1499947971 7.059565 0.400000 7.057806 7.061325 19.934986
67 1499947972 7.059565 0.400000 7.057806 7.061325 19.934986
61 1499947972 0.222632 1.000000 0.179187 0.250570 0.050178
61 1499947973 0.222632 1.000000 0.179187 0.250570 0.050178
67 1499947973 7.059565 0.400000 7.057806 7.061325 19.934986
61 1499947974 0.222632 1.000000 0.179187 0.250570 0.050178
67 1499947974 7.059565 0.400000 7.057806 7.061325 19.934986
61 1499947975 0.231024 0.400000 0.201980 0.260068 0.021686
67 1499947975 5.390816 1.200000 2.777362 8.481142 41.103089
61 1499947976 0.231024 0.400000 0.201980 0.260068 0.021686
67 1499947976 5.390816 1.200000 2.777362 8.481142 41.103089
67 1499947977 5.390816 1.200000 2.777362 8.481142 41.103089
61 1499947977 0.231024 0.400000 0.201980 0.260068 0.021686
61 1499947978 0.231024 0.400000 0.201980 0.260068 0.021686
67 1499947978 5.390816 1.200000 2.777362 8.481142 41.103089
61 1499947979 0.231024 0.400000 0.201980 0.260068 0.021686
67 1499947979 5.390816 1.200000 2.777362 8.481142 41.103089
61 1499947980 0.505355 0.400000 0.483451 0.527259 0.102345
67 1499947980 0.759844 0.600000 0.624290 0.944136 0.357361
61 1499947981 0.505355 0.400000 0.483451 0.527259 0.102345
67 1499947981 0.759844 0.600000 0.624290 0.944136 0.357361
67 1499947982 0.759844 0.600000 0.624290 0.944136 0.357361
61 1499947982 0.505355 0.400000 0.483451 0.527259 0.102345
61 1499947983 0.505355 0.400000 0.483451 0.527259 0.102345
67 1499947983 0.759844 0.600000 0.624290 0.944136 0.357361
61 1499947984 0.505355 0.400000 0.483451 0.527259 0.102345
67 1499947984 0.759844 0.600000 0.624290 0.944136 0.357361
61 1499947985 0.205326 1.600000 0.189182 0.271723 0.068490
67 1499947985 3.265893 0.200000 3.265893 3.265893 2.133212
61 1499947986 0.205326 1.600000 0.189182 0.271723 0.068490
67 1499947986 3.265893 0.200000 3.265893 3.265893 2.133212
67 1499947987 3.265893 0.200000 3.265893 3.265893 2.133212
61 1499947987 0.205326 1.600000 0.189182 0.271723 0.068490
61 1499947988 0.205326 1.600000 0.189182 0.271723 0.068490
67 1499947988 3.265893 0.200000 3.265893 3.265893 2.133212
61 1499947989 0.205326 1.600000 0.189182 0.271723 0.068490
67 1499947989 3.265893 0.200000 3.265893 3.265893 2.133212
61 1499947990 0.190979 1.200000 0.182719 0.198398 0.043806
67 1499947990 9.059737 1.000000 7.726789 9.723328 82.565046
61 1499947991 0.190979 1.200000 0.182719 0.198398 0.043806
67 1499947991 9.059737 1.000000 7.726789 9.723328 82.565046
67 1499947992 9.059737 1.000000 7.726789 9.723328 82.565046
61 1499947992 0.190979 1.200000 0.182719 0.198398 0.043806
61 1499947993 0.190979 1.200000 0.182719 0.198398 0.043806
67 1499947993 9.059737 1.000000 7.726789 9.723328 82.565046
61 1499947994 0.190979 1.200000 0.182719 0.198398 0.043806
67 1499947994 9.059737 1.000000 7.726789 9.723328 82.565046
61 1499947995 0.394720 0.800000 0.307961 0.490904 0.128326
67 1499947995 1.380725 0.800000 1.167235 1.562859 1.546453
61 1499947996 0.394720 0.800000 0.307961 0.490904 0.128326
67 1499947996 1.380725 0.800000 1.167235 1.562859 1.546453
61 1499947997 0.394720 0.800000 0.307961 0.490904 0.128326
67 1499947997 1.380725 0.800000 1.167235 1.562859 1.546453
61 1499947998 0.394720 0.800000 0.307961 0.490904 0.128326
67 1499947998 1.380725 0.800000 1.167235 1.562859 1.546453
61 1499947999 0.394720 0.800000 0.307961 0.490904 0.128326
61 1499948000 0.289315 1.000000 0.204952 0.373944 0.089005
67 1499947999 1.380725 0.800000 1.167235 1.562859 1.546453
67 1499948000 4.098685 0.600000 4.044811 4.195127 10.082336
61 1499948001 0.289315 1.000000 0.204952 0.373944 0.089005
67 1499948001 4.098685 0.600000 4.044811 4.195127 10.082336
61 1499948002 0.289315 1.000000 0.204952 0.373944 0.089005
67 1499948002 4.098685 0.600000 4.044811 4.195127 10.082336
61 1499948003 0.289315 1.000000 0.204952 0.373944 0.089005
67 1499948003 4.098685 0.600000 4.044811 4.195127 10.082336
61 1499948004 0.289315 1.000000 0.204952 0.373944 0.089005
67 1499948004 4.098685 0.600000 4.044811 4.195127 10.082336
61 1499948005 0.242760 0.400000 0.186280 0.299239 0.024849
67 1499948005 9.900594 0.400000 8.463260 11.337927 40.035072
61 1499948006 0.242760 0.400000 0.186280 0.299239 0.024849
67 1499948006 9.900594 0.400000 8.463260 11.337927 40.035072
61 1499948007 0.242760 0.400000 0.186280 0.299239 0.024849
67 1499948007 9.900594 0.400000 8.463260 11.337927 40.035072
61 1499948008 0.242760 0.400000 0.186280 0.299239 0.024849
67 1499948008 9.900594 0.400000 8.463260 11.337927 40.035072
61 1499948009 0.242760 0.400000 0.186280 0.299239 0.024849
67 1499948009 9.900594 0.400000 8.463260 11.337927 40.035072
61 1499948010 0.393396 1.400000 0.194128 0.558806 0.240683
67 1499948010 11.967609 1.400000 10.523881 12.997717 201.471374
61 1499948011 0.393396 1.400000 0.194128 0.558806 0.240683
67 1499948011 11.967609 1.400000 10.523881 12.997717 201.471374
61 1499948012 0.393396 1.400000 0.194128 0.558806 0.240683
67 1499948012 11.967609 1.400000 10.523881 12.997717 201.471374
61 1499948013 0.393396 1.400000 0.194128 0.558806 0.240683
67 1499948013 11.967609 1.400000 10.523881 12.997717 201.471374
61 1499948014 0.393396 1.400000 0.194128 0.558806 0.240683
67 1499948014 11.967609 1.400000 10.523881 12.997717 201.471374
61 1499948015 0.447943 1.000000 0.332505 0.530359 0.205543
67 1499948015 6.969849 1.400000 3.880536 10.357449 76.044788
61 1499948016 0.447943 1.000000 0.332505 0.530359 0.205543
67 1499948016 6.969849 1.400000 3.880536 10.357449 76.044788
61 1499948017 0.447943 1.000000 0.332505 0.530359 0.205543
67 1499948017 6.969849 1.400000 3.880536 10.357449 76.044788
61 1499948018 0.447943 1.000000 0.332505 0.530359 0.205543
67 1499948018 6.969849 1.400000 3.880536 10.357449 76.044788
61 1499948019 0.447943 1.000000 0.332505 0.530359 0.205543
67 1499948019 6.969849 1.400000 3.880536 10.357449 76.044788
61 1499948020 0.379059 0.600000 0.200785 0.504185 0.096264
67 1499948020 2.833744 2.000000 1.143180 7.534985 24.225087
61 1499948021 0.379059 0.600000 0.200785 0.504185 0.096264
67 1499948021 2.833744 2.000000 1.143180 7.534985 24.225087
67 1499948022 2.833744 2.000000 1.143180 7.534985 24.225087
61 1499948022 0.379059 0.600000 0.200785 0.504185 0.096264
61 1499948023 0.379059 0.600000 0.200785 0.504185 0.096264
67 1499948023 2.833744 2.000000 1.143180 7.534985 24.225087
61 1499948024 0.379059 0.600000 0.200785 0.504185 0.096264
67 1499948024 2.833744 2.000000 1.143180 7.534985 24.225087
61 1499948025 0.286080 0.400000 0.193090 0.379071 0.036196
67 1499948025 2.770082 0.400000 2.696663 2.843500 3.071497
61 1499948026 0.286080 0.400000 0.193090 0.379071 0.036196
67 1499948026 2.770082 0.400000 2.696663 2.843500 3.071497
67 1499948027 2.770082 0.400000 2.696663 2.843500 3.071497
61 1499948027 0.286080 0.400000 0.193090 0.379071 0.036196
61 1499948028 0.286080 0.400000 0.193090 0.379071 0.036196
67 1499948028 2.770082 0.400000 2.696663 2.843500 3.071497
61 1499948029 0.286080 0.400000 0.193090 0.379071 0.036196
67 1499948029 2.770082 0.400000 2.696663 2.843500 3.071497
61 1499948030 0.394331 0.200000 0.394331 0.394331 0.031099
67 1499948030 4.965781 1.200000 2.364862 7.045227 33.811499
61 1499948031 0.394331 0.200000 0.394331 0.394331 0.031099
67 1499948031 4.965781 1.200000 2.364862 7.045227 33.811499
61 1499948032 0.394331 0.200000 0.394331 0.394331 0.031099
67 1499948032 4.965781 1.200000 2.364862 7.045227 33.811499
61 1499948033 0.394331 0.200000 0.394331 0.394331 0.031099
67 1499948033 4.965781 1.200000 2.364862 7.045227 33.811499
61 1499948034 0.394331 0.200000 0.394331 0.394331 0.031099
67 1499948034 4.965781 1.200000 2.364862 7.045227 33.811499
61 1499948035 0.335066 1.400000 0.192566 0.492399 0.166849
67 1499948035 1.053559 0.400000 0.992544 1.114574 0.445484
61 1499948036 0.335066 1.400000 0.192566 0.492399 0.166849
67 1499948036 1.053559 0.400000 0.992544 1.114574 0.445484
67 1499948037 1.053559 0.400000 0.992544 1.114574 0.445484
61 1499948037 0.335066 1.400000 0.192566 0.492399 0.166849
61 1499948038 0.335066 1.400000 0.192566 0.492399 0.166849
67 1499948038 1.053559 0.400000 0.992544 1.114574 0.445484
61 1499948039 0.335066 1.400000 0.192566 0.492399 0.166849
67 1499948039 1.053559 0.400000 0.992544 1.114574 0.445484
61 1499948040 0.262471 1.000000 0.188147 0.408267 0.074988
67 1499948040 0.989844 0.200000 0.989844 0.989844 0.195958
61 1499948041 0.262471 1.000000 0.188147 0.408267 0.074988
67 1499948041 0.989844 0.200000 0.989844 0.989844 0.195958
67 1499948042 0.989844 0.200000 0.989844 0.989844 0.195958
61 1499948042 0.262471 1.000000 0.188147 0.408267 0.074988
61 1499948043 0.262471 1.000000 0.188147 0.408267 0.074988
67 1499948043 0.989844 0.200000 0.989844 0.989844 0.195958
61 1499948044 0.262471 1.000000 0.188147 0.408267 0.074988
67 1499948044 0.989844 0.200000 0.989844 0.989844 0.195958
61 1499948045 0.445217 0.400000 0.441103 0.449331 0.079294
67 1499948045 1.005619 1.400000 0.863503 1.145272 1.432490
61 1499948046 0.445217 0.400000 0.441103 0.449331 0.079294
67 1499948046 1.005619 1.400000 0.863503 1.145272 1.432490
67 1499948047 1.005619 1.400000 0.863503 1.145272 1.432490
61 1499948047 0.445217 0.400000 0.441103 0.449331 0.079294
61 1499948048 0.445217 0.400000 0.441103 0.449331 0.079294
67 1499948048 1.005619 1.400000 0.863503 1.145272 1.432490
61 1499948049 0.445217 0.400000 0.441103 0.449331 0.079294
67 1499948049 1.005619 1.400000 0.863503 1.145272 1.432490
61 1499948050 0.429916 0.800000 0.324876 0.573535 0.154528
67 1499948050 0.834960 1.200000 0.559474 1.321814 0.933981
61 1499948051 0.429916 0.800000 0.324876 0.573535 0.154528
67 1499948051 0.834960 1.200000 0.559474 1.321814 0.933981
67 1499948052 0.834960 1.200000 0.559474 1.321814 0.933981
61 1499948052 0.429916 0.800000 0.324876 0.573535 0.154528
61 1499948053 0.429916 0.800000 0.324876 0.573535 0.154528
67 1499948053 0.834960 1.200000 0.559474 1.321814 0.933981
61 1499948054 0.429916 0.800000 0.324876 0.573535 0.154528
67 1499948054 0.834960 1.200000 0.559474 1.321814 0.933981
61 1499948055 0.234419 1.000000 0.196798 0.347437 0.058218
61 1499948056 0.234419 1.000000 0.196798 0.347437 0.058218
61 1499948057 0.234419 1.000000 0.196798 0.347437 0.058218
61 1499948058 0.234419 1.000000 0.196798 0.347437 0.058218
61 1499948059 0.234419 1.000000 0.196798 0.347437 0.058218
61 1499948060 0.327981 1.000000 0.236468 0.447685 0.112709
67 1499948060 2.150532 1.000000 0.724884 6.018169 8.463244
61 1499948061 0.327981 1.000000 0.236468 0.447685 0.112709
67 1499948061 2.150532 1.000000 0.724884 6.018169 8.463244
67 1499948062 2.150532 1.000000 0.724884 6.018169 8.463244
61 1499948062 0.327981 1.000000 0.236468 0.447685 0.112709
61 1499948063 0.327981 1.000000 0.236468 0.447685 0.112709
67 1499948063 2.150532 1.000000 0.724884 6.018169 8.463244
61 1499948064 0.327981 1.000000 0.236468 0.447685 0.112709
67 1499948064 2.150532 1.000000 0.724884 6.018169 8.463244
61 1499948065 0.299545 0.600000 0.227579 0.398010 0.056952
67 1499948065 0.987903 0.800000 0.859973 1.171591 0.793535
64 1499948065 0.587407 0.200000 0.587407 0.587407 0.069009
61 1499948066 0.299545 0.600000 0.227579 0.398010 0.056952
67 1499948066 0.987903 0.800000 0.859973 1.171591 0.793535
64 1499948066 0.587407 0.200000 0.587407 0.587407 0.069009
67 1499948067 0.987903 0.800000 0.859973 1.171591 0.793535
61 1499948067 0.299545 0.600000 0.227579 0.398010 0.056952
64 1499948067 0.587407 0.200000 0.587407 0.587407 0.069009
61 1499948068 0.299545 0.600000 0.227579 0.398010 0.056952
67 1499948068 0.987903 0.800000 0.859973 1.171591 0.793535
64 1499948068 0.587407 0.200000 0.587407 0.587407 0.069009
61 1499948069 0.299545 0.600000 0.227579 0.398010 0.056952
67 1499948069 0.987903 0.800000 0.859973 1.171591 0.793535
64 1499948069 0.587407 0.200000 0.587407 0.587407 0.069009
61 1499948070 0.345529 1.400000 0.242412 0.531272 0.178637
67 1499948070 1.254039 0.800000 0.701520 1.671833 1.357359
61 1499948071 0.345529 1.400000 0.242412 0.531272 0.178637
61 1499948072 0.345529 1.400000 0.242412 0.531272 0.178637
67 1499948071 1.254039 0.800000 0.701520 1.671833 1.357359
67 1499948072 1.254039 0.800000 0.701520 1.671833 1.357359
61 1499948073 0.345529 1.400000 0.242412 0.531272 0.178637
67 1499948073 1.254039 0.800000 0.701520 1.671833 1.357359
61 1499948074 0.345529 1.400000 0.242412 0.531272 0.178637
67 1499948074 1.254039 0.800000 0.701520 1.671833 1.357359
61 1499948075 0.403670 0.800000 0.271723 0.514184 0.136450
67 1499948075 1.337435 1.000000 0.542505 1.840110 2.068478
61 1499948076 0.403670 0.800000 0.271723 0.514184 0.136450
67 1499948076 1.337435 1.000000 0.542505 1.840110 2.068478
61 1499948077 0.403670 0.800000 0.271723 0.514184 0.136450
67 1499948077 1.337435 1.000000 0.542505 1.840110 2.068478
61 1499948078 0.403670 0.800000 0.271723 0.514184 0.136450
67 1499948078 1.337435 1.000000 0.542505 1.840110 2.068478
61 1499948079 0.403670 0.800000 0.271723 0.514184 0.136450
67 1499948079 1.337435 1.000000 0.542505 1.840110 2.068478
61 1499948080 0.408219 0.200000 0.408219 0.408219 0.033328
67 1499948080 2.157553 1.000000 0.736832 3.636546 6.034136
61 1499948081 0.408219 0.200000 0.408219 0.408219 0.033328
67 1499948081 2.157553 1.000000 0.736832 3.636546 6.034136
61 1499948082 0.408219 0.200000 0.408219 0.408219 0.033328
67 1499948082 2.157553 1.000000 0.736832 3.636546 6.034136
61 1499948083 0.408219 0.200000 0.408219 0.408219 0.033328
67 1499948083 2.157553 1.000000 0.736832 3.636546 6.034136
61 1499948084 0.408219 0.200000 0.408219 0.408219 0.033328
67 1499948084 2.157553 1.000000 0.736832 3.636546 6.034136
61 1499948085 0.352608 1.400000 0.202810 0.454976 0.183614
67 1499948085 1.236059 1.000000 0.529272 1.557813 1.666622
64 1499948085 1.739318 0.200000 1.739318 1.739318 0.605046
61 1499948086 0.352608 1.400000 0.202810 0.454976 0.183614
67 1499948086 1.236059 1.000000 0.529272 1.557813 1.666622
64 1499948086 1.739318 0.200000 1.739318 1.739318 0.605046
61 1499948087 0.352608 1.400000 0.202810 0.454976 0.183614
67 1499948087 1.236059 1.000000 0.529272 1.557813 1.666622
64 1499948087 1.739318 0.200000 1.739318 1.739318 0.605046
61 1499948088 0.352608 1.400000 0.202810 0.454976 0.183614
67 1499948088 1.236059 1.000000 0.529272 1.557813 1.666622
64 1499948088 1.739318 0.200000 1.739318 1.739318 0.605046
61 1499948089 0.352608 1.400000 0.202810 0.454976 0.183614
67 1499948089 1.236059 1.000000 0.529272 1.557813 1.666622
64 1499948089 1.739318 0.200000 1.739318 1.739318 0.605046
61 1499948090 0.233936 0.800000 0.181513 0.378534 0.049371
61 1499948091 0.233936 0.800000 0.181513 0.378534 0.049371
61 1499948092 0.233936 0.800000 0.181513 0.378534 0.049371
61 1499948093 0.233936 0.800000 0.181513 0.378534 0.049371
61 1499948094 0.233936 0.800000 0.181513 0.378534 0.049371
61 1499948095 0.375421 1.600000 0.181542 0.589182 0.253833
67 1499948095 1.319371 1.000000 0.976236 1.973350 1.862910
61 1499948096 0.375421 1.600000 0.181542 0.589182 0.253833
67 1499948096 1.319371 1.000000 0.976236 1.973350 1.862910
61 1499948097 0.375421 1.600000 0.181542 0.589182 0.253833
67 1499948097 1.319371 1.000000 0.976236 1.973350 1.862910
61 1499948098 0.375421 1.600000 0.181542 0.589182 0.253833
67 1499948098 1.319371 1.000000 0.976236 1.973350 1.862910
61 1499948099 0.375421 1.600000 0.181542 0.589182 0.253833
67 1499948099 1.319371 1.000000 0.976236 1.973350 1.862910
61 1499948100 0.391773 0.400000 0.186432 0.597115 0.078261
67 1499948100 1.639106 1.000000 0.698107 2.308739 3.029253
61 1499948101 0.391773 0.400000 0.186432 0.597115 0.078261
67 1499948101 1.639106 1.000000 0.698107 2.308739 3.029253
67 1499948102 1.639106 1.000000 0.698107 2.308739 3.029253
61 1499948102 0.391773 0.400000 0.186432 0.597115 0.078261
61 1499948103 0.391773 0.400000 0.186432 0.597115 0.078261
67 1499948103 1.639106 1.000000 0.698107 2.308739 3.029253
61 1499948104 0.391773 0.400000 0.186432 0.597115 0.078261
67 1499948104 1.639106 1.000000 0.698107 2.308739 3.029253
61 1499948105 0.390968 0.200000 0.390968 0.390968 0.030571
67 1499948105 1.512406 1.400000 0.892995 3.378424 4.142582
64 1499948105 0.617082 0.200000 0.617082 0.617082 0.076158
61 1499948106 0.390968 0.200000 0.390968 0.390968 0.030571
67 1499948106 1.512406 1.400000 0.892995 3.378424 4.142582
64 1499948106 0.617082 0.200000 0.617082 0.617082 0.076158
67 1499948107 1.512406 1.400000 0.892995 3.378424 4.142582
64 1499948107 0.617082 0.200000 0.617082 0.617082 0.076158
61 1499948107 0.390968 0.200000 0.390968 0.390968 0.030571
61 1499948108 0.390968 0.200000 0.390968 0.390968 0.030571
67 1499948108 1.512406 1.400000 0.892995 3.378424 4.142582
64 1499948108 0.617082 0.200000 0.617082 0.617082 0.076158
61 1499948109 0.390968 0.200000 0.390968 0.390968 0.030571
67 1499948109 1.512406 1.400000 0.892995 3.378424 4.142582
64 1499948109 0.617082 0.200000 0.617082 0.617082 0.076158
61 1499948110 0.379424 0.600000 0.328041 0.463250 0.088521
67 1499948110 3.501545 0.600000 3.431104 3.586680 7.358976
61 1499948111 0.379424 0.600000 0.328041 0.463250 0.088521
67 1499948111 3.501545 0.600000 3.431104 3.586680 7.358976
67 1499948112 3.501545 0.600000 3.431104 3.586680 7.358976
61 1499948112 0.379424 0.600000 0.328041 0.463250 0.088521
61 1499948113 0.379424 0.600000 0.328041 0.463250 0.088521
67 1499948113 3.501545 0.600000 3.431104 3.586680 7.358976
61 1499948114 0.379424 0.600000 0.328041 0.463250 0.088521
67 1499948114 3.501545 0.600000 3.431104 3.586680 7.358976
61 1499948115 0.341973 1.400000 0.190569 0.559047 0.180957
67 1499948115 1.267720 0.400000 1.184660 1.350781 0.645606
61 1499948116 0.341973 1.400000 0.190569 0.559047 0.180957
67 1499948116 1.267720 0.400000 1.184660 1.350781 0.645606
67 1499948117 1.267720 0.400000 1.184660 1.350781 0.645606
61 1499948117 0.341973 1.400000 0.190569 0.559047 0.180957
61 1499948118 0.341973 1.400000 0.190569 0.559047 0.180957
67 1499948118 1.267720 0.400000 1.184660 1.350781 0.645606
61 1499948119 0.341973 1.400000 0.190569 0.559047 0.180957
67 1499948119 1.267720 0.400000 1.184660 1.350781 0.645606
61 1499948120 0.196530 0.800000 0.194634 0.198777 0.030901
67 1499948120 0.538519 0.200000 0.538519 0.538519 0.058000
61 1499948121 0.196530 0.800000 0.194634 0.198777 0.030901
67 1499948121 0.538519 0.200000 0.538519 0.538519 0.058000
67 1499948122 0.538519 0.200000 0.538519 0.538519 0.058000
61 1499948122 0.196530 0.800000 0.194634 0.198777 0.030901
61 1499948123 0.196530 0.800000 0.194634 0.198777 0.030901
67 1499948123 0.538519 0.200000 0.538519 0.538519 0.058000
61 1499948124 0.196530 0.800000 0.194634 0.198777 0.030901
67 1499948124 0.538519 0.200000 0.538519 0.538519 0.058000
61 1499948125 0.381240 1.200000 0.200719 0.467401 0.186616
67 1499948125 1.105775 1.000000 0.668199 1.705022 1.379725
61 1499948126 0.381240 1.200000 0.200719 0.467401 0.186616
67 1499948126 1.105775 1.000000 0.668199 1.705022 1.379725
67 1499948127 1.105775 1.000000 0.668199 1.705022 1.379725
61 1499948127 0.381240 1.200000 0.200719 0.467401 0.186616
61 1499948128 0.381240 1.200000 0.200719 0.467401 0.186616
67 1499948128 1.105775 1.000000 0.668199 1.705022 1.379725
61 1499948129 0.381240 1.200000 0.200719 0.467401 0.186616
67 1499948129 1.105775 1.000000 0.668199 1.705022 1.379725
61 1499948130 0.262783 1.000000 0.185008 0.372526 0.073923
67 1499948130 3.566815 0.200000 3.566815 3.566815 2.544434
61 1499948131 0.262783 1.000000 0.185008 0.372526 0.073923
67 1499948131 3.566815 0.200000 3.566815 3.566815 2.544434
67 1499948132 3.566815 0.200000 3.566815 3.566815 2.544434
61 1499948132 0.262783 1.000000 0.185008 0.372526 0.073923
61 1499948133 0.262783 1.000000 0.185008 0.372526 0.073923
67 1499948133 3.566815 0.200000 3.566815 3.566815 2.544434
61 1499948134 0.262783 1.000000 0.185008 0.372526 0.073923
67 1499948134 3.566815 0.200000 3.566815 3.566815 2.544434
61 1499948135 0.236814 1.200000 0.187990 0.409445 0.074541
67 1499948135 9.023518 0.600000 6.184701 10.707206 51.299923
61 1499948136 0.236814 1.200000 0.187990 0.409445 0.074541
67 1499948136 9.023518 0.600000 6.184701 10.707206 51.299923
67 1499948137 9.023518 0.600000 6.184701 10.707206 51.299923
61 1499948137 0.236814 1.200000 0.187990 0.409445 0.074541
61 1499948138 0.236814 1.200000 0.187990 0.409445 0.074541
67 1499948138 9.023518 0.600000 6.184701 10.707206 51.299923
61 1499948139 0.236814 1.200000 0.187990 0.409445 0.074541
67 1499948139 9.023518 0.600000 6.184701 10.707206 51.299923
61 1499948140 0.447430 1.400000 0.336264 0.530322 0.288599
67 1499948140 4.169138 2.800000 1.253366 10.364922 74.256167
64 1499948140 1.110833 0.200000 1.110833 1.110833 0.246790
61 1499948141 0.447430 1.400000 0.336264 0.530322 0.288599
67 1499948141 4.169138 2.800000 1.253366 10.364922 74.256167
64 1499948141 1.110833 0.200000 1.110833 1.110833 0.246790
67 1499948142 4.169138 2.800000 1.253366 10.364922 74.256167
61 1499948142 0.447430 1.400000 0.336264 0.530322 0.288599
64 1499948142 1.110833 0.200000 1.110833 1.110833 0.246790
61 1499948143 0.447430 1.400000 0.336264 0.530322 0.288599
67 1499948143 4.169138 2.800000 1.253366 10.364922 74.256167
64 1499948143 1.110833 0.200000 1.110833 1.110833 0.246790
61 1499948144 0.447430 1.400000 0.336264 0.530322 0.288599
61 1499948145 0.424108 0.800000 0.322471 0.481957 0.146853
67 1499948144 4.169138 2.800000 1.253366 10.364922 74.256167
67 1499948145 1.629624 0.800000 1.259674 1.813493 2.164996
64 1499948144 1.110833 0.200000 1.110833 1.110833 0.246790
61 1499948146 0.424108 0.800000 0.322471 0.481957 0.146853
67 1499948146 1.629624 0.800000 1.259674 1.813493 2.164996
61 1499948147 0.424108 0.800000 0.322471 0.481957 0.146853
67 1499948147 1.629624 0.800000 1.259674 1.813493 2.164996
61 1499948148 0.424108 0.800000 0.322471 0.481957 0.146853
67 1499948148 1.629624 0.800000 1.259674 1.813493 2.164996
61 1499948149 0.424108 0.800000 0.322471 0.481957 0.146853
67 1499948149 1.629624 0.800000 1.259674 1.813493 2.164996
61 1499948150 0.365006 0.600000 0.327582 0.399168 0.080453
67 1499948150 1.142078 0.800000 0.624894 2.111133 1.305772
61 1499948151 0.365006 0.600000 0.327582 0.399168 0.080453
67 1499948151 1.142078 0.800000 0.624894 2.111133 1.305772
61 1499948152 0.365006 0.600000 0.327582 0.399168 0.080453
67 1499948152 1.142078 0.800000 0.624894 2.111133 1.305772
61 1499948153 0.365006 0.600000 0.327582 0.399168 0.080453
67 1499948153 1.142078 0.800000 0.624894 2.111133 1.305772
61 1499948154 0.365006 0.600000 0.327582 0.399168 0.080453
67 1499948154 1.142078 0.800000 0.624894 2.111133 1.305772
61 1499948155 0.204909 0.600000 0.193558 0.222577 0.025289
67 1499948155 2.439820 0.400000 2.436555 2.443086 2.381094
61 1499948156 0.204909 0.600000 0.193558 0.222577 0.025289
67 1499948156 2.439820 0.400000 2.436555 2.443086 2.381094
61 1499948157 0.204909 0.600000 0.193558 0.222577 0.025289
67 1499948157 2.439820 0.400000 2.436555 2.443086 2.381094
61 1499948158 0.204909 0.600000 0.193558 0.222577 0.025289
67 1499948158 2.439820 0.400000 2.436555 2.443086 2.381094
61 1499948159 0.204909 0.600000 0.193558 0.222577 0.025289
67 1499948159 2.439820 0.400000 2.436555 2.443086 2.381094
61 1499948160 0.222470 0.800000 0.202033 0.277964 0.040417
67 1499948160 10.280537 0.400000 10.207991 10.353084 42.277886
61 1499948161 0.222470 0.800000 0.202033 0.277964 0.040417
67 1499948161 10.280537 0.400000 10.207991 10.353084 42.277886
61 1499948162 0.222470 0.800000 0.202033 0.277964 0.040417
67 1499948162 10.280537 0.400000 10.207991 10.353084 42.277886
61 1499948163 0.222470 0.800000 0.202033 0.277964 0.040417
67 1499948163 10.280537 0.400000 10.207991 10.353084 42.277886
61 1499948164 0.222470 0.800000 0.202033 0.277964 0.040417
67 1499948164 10.280537 0.400000 10.207991 10.353084 42.277886
61 1499948165 0.245010 0.600000 0.193883 0.288581 0.036932
67 1499948165 8.620925 1.800000 1.181475 14.080121 167.748978
64 1499948165 4.995180 0.200000 4.995180 4.995180 4.990364
61 1499948166 0.245010 0.600000 0.193883 0.288581 0.036932
67 1499948166 8.620925 1.800000 1.181475 14.080121 167.748978
64 1499948166 4.995180 0.200000 4.995180 4.995180 4.990364
61 1499948167 0.245010 0.600000 0.193883 0.288581 0.036932
67 1499948167 8.620925 1.800000 1.181475 14.080121 167.748978
64 1499948167 4.995180 0.200000 4.995180 4.995180 4.990364
61 1499948168 0.245010 0.600000 0.193883 0.288581 0.036932
67 1499948168 8.620925 1.800000 1.181475 14.080121 167.748978
64 1499948168 4.995180 0.200000 4.995180 4.995180 4.990364
61 1499948169 0.245010 0.600000 0.193883 0.288581 0.036932
67 1499948169 8.620925 1.800000 1.181475 14.080121 167.748978
64 1499948169 4.995180 0.200000 4.995180 4.995180 4.990364
61 1499948170 0.367263 0.600000 0.333305 0.400535 0.081382
67 1499948170 0.893768 1.000000 0.719690 1.079959 0.812174
61 1499948171 0.367263 0.600000 0.333305 0.400535 0.081382
67 1499948171 0.893768 1.000000 0.719690 1.079959 0.812174
61 1499948172 0.367263 0.600000 0.333305 0.400535 0.081382
67 1499948172 0.893768 1.000000 0.719690 1.079959 0.812174
61 1499948173 0.367263 0.600000 0.333305 0.400535 0.081382
67 1499948173 0.893768 1.000000 0.719690 1.079959 0.812174
61 1499948174 0.367263 0.600000 0.333305 0.400535 0.081382
67 1499948174 0.893768 1.000000 0.719690 1.079959 0.812174
61 1499948175 0.416904 0.600000 0.351772 0.506685 0.106868
67 1499948175 0.916597 0.600000 0.793436 0.988821 0.508686
61 1499948176 0.416904 0.600000 0.351772 0.506685 0.106868
67 1499948176 0.916597 0.600000 0.793436 0.988821 0.508686
61 1499948177 0.416904 0.600000 0.351772 0.506685 0.106868
67 1499948177 0.916597 0.600000 0.793436 0.988821 0.508686
61 1499948178 0.416904 0.600000 0.351772 0.506685 0.106868
67 1499948178 0.916597 0.600000 0.793436 0.988821 0.508686
61 1499948179 0.416904 0.600000 0.351772 0.506685 0.106868
67 1499948179 0.916597 0.600000 0.793436 0.988821 0.508686
61 1499948180 0.352908 1.000000 0.308131 0.415846 0.126110
67 1499948180 0.861913 0.600000 0.751547 0.963056 0.450236
61 1499948181 0.352908 1.000000 0.308131 0.415846 0.126110
67 1499948181 0.861913 0.600000 0.751547 0.963056 0.450236
61 1499948182 0.352908 1.000000 0.308131 0.415846 0.126110
67 1499948182 0.861913 0.600000 0.751547 0.963056 0.450236
61 1499948183 0.352908 1.000000 0.308131 0.415846 0.126110
67 1499948183 0.861913 0.600000 0.751547 0.963056 0.450236
61 1499948184 0.352908 1.000000 0.308131 0.415846 0.126110
67 1499948184 0.861913 0.600000 0.751547 0.963056 0.450236
61 1499948185 0.228571 0.800000 0.200108 0.274259 0.042535
67 1499948185 0.526445 0.400000 0.495992 0.556898 0.111229
61 1499948186 0.228571 0.800000 0.200108 0.274259 0.042535
67 1499948186 0.526445 0.400000 0.495992 0.556898 0.111229
67 1499948187 0.526445 0.400000 0.495992 0.556898 0.111229
61 1499948187 0.228571 0.800000 0.200108 0.274259 0.042535
61 1499948188 0.228571 0.800000 0.200108 0.274259 0.042535
67 1499948188 0.526445 0.400000 0.495992 0.556898 0.111229
61 1499948189 0.228571 0.800000 0.200108 0.274259 0.042535
67 1499948189 0.526445 0.400000 0.495992 0.556898 0.111229
61 1499948190 0.360086 1.200000 0.333955 0.389127 0.156049
67 1499948190 1.499383 1.200000 0.769074 2.006495 2.885933
61 1499948191 0.360086 1.200000 0.333955 0.389127 0.156049
67 1499948191 1.499383 1.200000 0.769074 2.006495 2.885933
67 1499948192 1.499383 1.200000 0.769074 2.006495 2.885933
61 1499948192 0.360086 1.200000 0.333955 0.389127 0.156049
61 1499948193 0.360086 1.200000 0.333955 0.389127 0.156049
67 1499948193 1.499383 1.200000 0.769074 2.006495 2.885933
61 1499948194 0.360086 1.200000 0.333955 0.389127 0.156049
67 1499948194 1.499383 1.200000 0.769074 2.006495 2.885933
61 1499948195 0.283971 1.200000 0.181234 0.468504 0.113644
67 1499948195 1.294754 0.800000 1.091445 1.388091 1.352343
61 1499948196 0.283971 1.200000 0.181234 0.468504 0.113644
67 1499948196 1.294754 0.800000 1.091445 1.388091 1.352343
67 1499948197 1.294754 0.800000 1.091445 1.388091 1.352343
61 1499948197 0.283971 1.200000 0.181234 0.468504 0.113644
61 1499948198 0.283971 1.200000 0.181234 0.468504 0.113644
67 1499948198 1.294754 0.800000 1.091445 1.388091 1.352343
61 1499948199 0.283971 1.200000 0.181234 0.468504 0.113644
67 1499948199 1.294754 0.800000 1.091445 1.388091 1.352343
61 1499948200 0.449310 0.200000 0.449310 0.449310 0.040376
67 1499948200 0.763641 1.200000 0.638276 0.961427 0.713044
61 1499948201 0.449310 0.200000 0.449310 0.449310 0.040376
67 1499948201 0.763641 1.200000 0.638276 0.961427 0.713044
67 1499948202 0.763641 1.200000 0.638276 0.961427 0.713044
61 1499948202 0.449310 0.200000 0.449310 0.449310 0.040376
61 1499948203 0.449310 0.200000 0.449310 0.449310 0.040376
67 1499948203 0.763641 1.200000 0.638276 0.961427 0.713044
61 1499948204 0.449310 0.200000 0.449310 0.449310 0.040376
67 1499948204 0.763641 1.200000 0.638276 0.961427 0.713044
61 1499948205 0.311964 1.200000 0.192649 0.439912 0.127047
61 1499948206 0.311964 1.200000 0.192649 0.439912 0.127047
61 1499948207 0.311964 1.200000 0.192649 0.439912 0.127047
61 1499948208 0.311964 1.200000 0.192649 0.439912 0.127047
61 1499948209 0.311964 1.200000 0.192649 0.439912 0.127047
61 1499948210 0.251810 0.800000 0.192987 0.312419 0.053441
67 1499948210 5.648344 0.200000 5.648344 5.648344 6.380758
61 1499948211 0.251810 0.800000 0.192987 0.312419 0.053441
67 1499948211 5.648344 0.200000 5.648344 5.648344 6.380758
67 1499948212 5.648344 0.200000 5.648344 5.648344 6.380758
61 1499948212 0.251810 0.800000 0.192987 0.312419 0.053441
61 1499948213 0.251810 0.800000 0.192987 0.312419 0.053441
67 1499948213 5.648344 0.200000 5.648344 5.648344 6.380758
61 1499948214 0.251810 0.800000 0.192987 0.312419 0.053441
67 1499948214 5.648344 0.200000 5.648344 5.648344 6.380758
61 1499948215 0.308487 0.200000 0.308487 0.308487 0.019033
67 1499948215 8.249954 0.400000 6.903451 9.596457 27.949926
61 1499948216 0.308487 0.200000 0.308487 0.308487 0.019033
67 1499948216 8.249954 0.400000 6.903451 9.596457 27.949926
67 1499948217 8.249954 0.400000 6.903451 9.596457 27.949926
61 1499948217 0.308487 0.200000 0.308487 0.308487 0.019033
61 1499948218 0.308487 0.200000 0.308487 0.308487 0.019033
67 1499948218 8.249954 0.400000 6.903451 9.596457 27.949926
61 1499948219 0.308487 0.200000 0.308487 0.308487 0.019033
67 1499948219 8.249954 0.400000 6.903451 9.596457 27.949926
61 1499948220 0.300864 1.400000 0.187743 0.446384 0.138733
67 1499948220 6.033371 2.600000 1.227036 13.409815 141.203951
61 1499948221 0.300864 1.400000 0.187743 0.446384 0.138733
67 1499948221 6.033371 2.600000 1.227036 13.409815 141.203951
61 1499948222 0.300864 1.400000 0.187743 0.446384 0.138733
67 1499948222 6.033371 2.600000 1.227036 13.409815 141.203951
61 1499948223 0.300864 1.400000 0.187743 0.446384 0.138733
67 1499948223 6.033371 2.600000 1.227036 13.409815 141.203951
61 1499948224 0.300864 1.400000 0.187743 0.446384 0.138733
67 1499948224 6.033371 2.600000 1.227036 13.409815 141.203951
61 1499948225 0.378391 1.000000 0.261259 0.466661 0.147904
67 1499948225 1.250466 0.400000 0.994670 1.506262 0.651639
61 1499948226 0.378391 1.000000 0.261259 0.466661 0.147904
67 1499948226 1.250466 0.400000 0.994670 1.506262 0.651639
61 1499948227 0.378391 1.000000 0.261259 0.466661 0.147904
67 1499948227 1.250466 0.400000 0.994670 1.506262 0.651639
61 1499948228 0.378391 1.000000 0.261259 0.466661 0.147904
67 1499948228 1.250466 0.400000 0.994670 1.506262 0.651639
61 1499948229 0.378391 1.000000 0.261259 0.466661 0.147904
67 1499948229 1.250466 0.400000 0.994670 1.506262 0.651639
61 1499948230 0.311562 0.400000 0.186199 0.436924 0.045115
67 1499948230 1.584398 1.200000 0.977829 1.912505 3.130254
61 1499948231 0.311562 0.400000 0.186199 0.436924 0.045115
67 1499948231 1.584398 1.200000 0.977829 1.912505 3.130254
61 1499948232 0.311562 0.400000 0.186199 0.436924 0.045115
67 1499948232 1.584398 1.200000 0.977829 1.912505 3.130254
61 1499948233 0.311562 0.400000 0.186199 0.436924 0.045115
67 1499948233 1.584398 1.200000 0.977829 1.912505 3.130254
61 1499948234 0.311562 0.400000 0.186199 0.436924 0.045115
67 1499948234 1.584398 1.200000 0.977829 1.912505 3.130254
61 1499948235 0.207852 0.400000 0.189246 0.226458 0.017419
67 1499948235 6.129179 0.200000 6.129179 6.129179 7.513366
61 1499948236 0.207852 0.400000 0.189246 0.226458 0.017419
67 1499948236 6.129179 0.200000 6.129179 6.129179 7.513366
61 1499948237 0.207852 0.400000 0.189246 0.226458 0.017419
67 1499948237 6.129179 0.200000 6.129179 6.129179 7.513366
61 1499948238 0.207852 0.400000 0.189246 0.226458 0.017419
67 1499948238 6.129179 0.200000 6.129179 6.129179 7.513366
61 1499948239 0.207852 0.400000 0.189246 0.226458 0.017419
67 1499948239 6.129179 0.200000 6.129179 6.129179 7.513366
61 1499948240 0.192643 0.600000 0.182509 0.208076 0.022340
67 1499948240 6.331665 0.200000 6.331665 6.331665 8.017996
61 1499948241 0.192643 0.600000 0.182509 0.208076 0.022340
67 1499948241 6.331665 0.200000 6.331665 6.331665 8.017996
61 1499948242 0.192643 0.600000 0.182509 0.208076 0.022340
67 1499948242 6.331665 0.200000 6.331665 6.331665 8.017996
61 1499948243 0.192643 0.600000 0.182509 0.208076 0.022340
67 1499948243 6.331665 0.200000 6.331665 6.331665 8.017996
61 1499948244 0.192643 0.600000 0.182509 0.208076 0.022340
67 1499948244 6.331665 0.200000 6.331665 6.331665 8.017996
61 1499948245 0.242876 0.600000 0.198347 0.327703 0.037554
67 1499948245 7.514155 1.600000 2.382527 11.017828 105.236414
61 1499948246 0.242876 0.600000 0.198347 0.327703 0.037554
67 1499948246 7.514155 1.600000 2.382527 11.017828 105.236414
61 1499948247 0.242876 0.600000 0.198347 0.327703 0.037554
67 1499948247 7.514155 1.600000 2.382527 11.017828 105.236414
61 1499948248 0.242876 0.600000 0.198347 0.327703 0.037554
67 1499948248 7.514155 1.600000 2.382527 11.017828 105.236414
61 1499948249 0.242876 0.600000 0.198347 0.327703 0.037554
67 1499948249 7.514155 1.600000 2.382527 11.017828 105.236414
61 1499948250 0.224959 0.200000 0.224959 0.224959 0.010121
67 1499948250 0.915501 0.200000 0.915501 0.915501 0.167628
61 1499948251 0.224959 0.200000 0.224959 0.224959 0.010121
67 1499948251 0.915501 0.200000 0.915501 0.915501 0.167628
61 1499948252 0.224959 0.200000 0.224959 0.224959 0.010121
67 1499948252 0.915501 0.200000 0.915501 0.915501 0.167628
61 1499948253 0.224959 0.200000 0.224959 0.224959 0.010121
67 1499948253 0.915501 0.200000 0.915501 0.915501 0.167628
61 1499948254 0.224959 0.200000 0.224959 0.224959 0.010121
67 1499948254 0.915501 0.200000 0.915501 0.915501 0.167628
61 1499948255 0.393091 0.800000 0.358138 0.441977 0.124358
67 1499948255 0.764420 1.000000 0.501858 1.092330 0.646342
61 1499948256 0.393091 0.800000 0.358138 0.441977 0.124358
67 1499948256 0.764420 1.000000 0.501858 1.092330 0.646342
61 1499948257 0.393091 0.800000 0.358138 0.441977 0.124358
67 1499948257 0.764420 1.000000 0.501858 1.092330 0.646342
61 1499948258 0.393091 0.800000 0.358138 0.441977 0.124358
67 1499948258 0.764420 1.000000 0.501858 1.092330 0.646342
61 1499948259 0.393091 0.800000 0.358138 0.441977 0.124358
67 1499948259 0.764420 1.000000 0.501858 1.092330 0.646342
61 1499948260 0.197726 0.400000 0.197253 0.198198 0.015638
67 1499948260 0.488747 0.200000 0.488747 0.488747 0.047775
61 1499948261 0.197726 0.400000 0.197253 0.198198 0.015638
67 1499948261 0.488747 0.200000 0.488747 0.488747 0.047775
61 1499948262 0.197726 0.400000 0.197253 0.198198 0.015638
67 1499948262 0.488747 0.200000 0.488747 0.488747 0.047775
61 1499948263 0.197726 0.400000 0.197253 0.198198 0.015638
67 1499948263 0.488747 0.200000 0.488747 0.488747 0.047775
61 1499948264 0.197726 0.400000 0.197253 0.198198 0.015638
67 1499948264 0.488747 0.200000 0.488747 0.488747 0.047775
61 1499948265 0.329088 0.400000 0.292865 0.365312 0.043845
67 1499948265 1.001972 0.600000 0.484871 1.287153 0.682871
64 1499948265 1.325041 0.200000 1.325041 1.325041 0.351147
61 1499948266 0.329088 0.400000 0.292865 0.365312 0.043845
67 1499948266 1.001972 0.600000 0.484871 1.287153 0.682871
64 1499948266 1.325041 0.200000 1.325041 1.325041 0.351147
67 1499948267 1.001972 0.600000 0.484871 1.287153 0.682871
61 1499948267 0.329088 0.400000 0.292865 0.365312 0.043845
64 1499948267 1.325041 0.200000 1.325041 1.325041 0.351147
61 1499948268 0.329088 0.400000 0.292865 0.365312 0.043845
67 1499948268 1.001972 0.600000 0.484871 1.287153 0.682871
64 1499948268 1.325041 0.200000 1.325041 1.325041 0.351147
61 1499948269 0.329088 0.400000 0.292865 0.365312 0.043845
67 1499948269 1.001972 0.600000 0.484871 1.287153 0.682871
64 1499948269 1.325041 0.200000 1.325041 1.325041 0.351147
61 1499948270 0.215313 1.000000 0.186149 0.263099 0.047382
67 1499948270 0.784892 0.400000 0.655600 0.914185 0.253109
61 1499948271 0.215313 1.000000 0.186149 0.263099 0.047382
67 1499948271 0.784892 0.400000 0.655600 0.914185 0.253109
67 1499948272 0.784892 0.400000 0.655600 0.914185 0.253109
61 1499948272 0.215313 1.000000 0.186149 0.263099 0.047382
61 1499948273 0.215313 1.000000 0.186149 0.263099 0.047382
67 1499948273 0.784892 0.400000 0.655600 0.914185 0.253109
61 1499948274 0.215313 1.000000 0.186149 0.263099 0.047382
67 1499948274 0.784892 0.400000 0.655600 0.914185 0.253109
61 1499948275 0.195821 1.000000 0.182480 0.214818 0.038541
67 1499948275 0.745732 0.200000 0.745732 0.745732 0.111223
61 1499948276 0.195821 1.000000 0.182480 0.214818 0.038541
67 1499948276 0.745732 0.200000 0.745732 0.745732 0.111223
67 1499948277 0.745732 0.200000 0.745732 0.745732 0.111223
61 1499948277 0.195821 1.000000 0.182480 0.214818 0.038541
61 1499948278 0.195821 1.000000 0.182480 0.214818 0.038541
67 1499948278 0.745732 0.200000 0.745732 0.745732 0.111223
61 1499948279 0.195821 1.000000 0.182480 0.214818 0.038541
67 1499948279 0.745732 0.200000 0.745732 0.745732 0.111223
61 1499948280 0.335815 0.400000 0.316996 0.354633 0.045250
67 1499948280 0.806530 1.200000 0.550730 1.035528 0.817166
61 1499948281 0.335815 0.400000 0.316996 0.354633 0.045250
67 1499948281 0.806530 1.200000 0.550730 1.035528 0.817166
67 1499948282 0.806530 1.200000 0.550730 1.035528 0.817166
61 1499948282 0.335815 0.400000 0.316996 0.354633 0.045250
61 1499948283 0.335815 0.400000 0.316996 0.354633 0.045250
67 1499948283 0.806530 1.200000 0.550730 1.035528 0.817166
61 1499948284 0.335815 0.400000 0.316996 0.354633 0.045250
67 1499948284 0.806530 1.200000 0.550730 1.035528 0.817166
61 1499948285 0.240621 1.600000 0.182721 0.364683 0.097896
67 1499948285 0.767919 1.000000 0.573379 0.995583 0.618998
61 1499948286 0.240621 1.600000 0.182721 0.364683 0.097896
67 1499948286 0.767919 1.000000 0.573379 0.995583 0.618998
67 1499948287 0.767919 1.000000 0.573379 0.995583 0.618998
61 1499948287 0.240621 1.600000 0.182721 0.364683 0.097896
61 1499948288 0.240621 1.600000 0.182721 0.364683 0.097896
67 1499948288 0.767919 1.000000 0.573379 0.995583 0.618998
61 1499948289 0.240621 1.600000 0.182721 0.364683 0.097896
67 1499948289 0.767919 1.000000 0.573379 0.995583 0.618998
67 1499948290 0.661881 0.400000 0.633711 0.690052 0.175552
67 1499948291 0.661881 0.400000 0.633711 0.690052 0.175552
67 1499948292 0.661881 0.400000 0.633711 0.690052 0.175552
67 1499948293 0.661881 0.400000 0.633711 0.690052 0.175552
67 1499948294 0.661881 0.400000 0.633711 0.690052 0.175552
61 1499948295 0.435966 0.200000 0.435966 0.435966 0.038013
67 1499948295 0.789690 0.800000 0.634586 1.017714 0.514798
61 1499948296 0.435966 0.200000 0.435966 0.435966 0.038013
67 1499948296 0.789690 0.800000 0.634586 1.017714 0.514798
61 1499948297 0.435966 0.200000 0.435966 0.435966 0.038013
67 1499948297 0.789690 0.800000 0.634586 1.017714 0.514798
61 1499948298 0.435966 0.200000 0.435966 0.435966 0.038013
67 1499948298 0.789690 0.800000 0.634586 1.017714 0.514798
61 1499948299 0.435966 0.200000 0.435966 0.435966 0.038013
67 1499948299 0.789690 0.800000 0.634586 1.017714 0.514798
67 1499948300 3.277647 0.800000 3.117242 3.523972 8.615534
67 1499948301 3.277647 0.800000 3.117242 3.523972 8.615534
67 1499948302 3.277647 0.800000 3.117242 3.523972 8.615534
67 1499948303 3.277647 0.800000 3.117242 3.523972 8.615534
67 1499948304 3.277647 0.800000 3.117242 3.523972 8.615534
61 1499948305 0.212694 1.000000 0.199936 0.246896 0.045538
67 1499948305 0.590058 0.200000 0.590058 0.590058 0.069634
61 1499948306 0.212694 1.000000 0.199936 0.246896 0.045538
67 1499948306 0.590058 0.200000 0.590058 0.590058 0.069634
61 1499948307 0.212694 1.000000 0.199936 0.246896 0.045538
67 1499948307 0.590058 0.200000 0.590058 0.590058 0.069634
61 1499948308 0.212694 1.000000 0.199936 0.246896 0.045538
67 1499948308 0.590058 0.200000 0.590058 0.590058 0.069634
61 1499948309 0.212694 1.000000 0.199936 0.246896 0.045538
67 1499948309 0.590058 0.200000 0.590058 0.590058 0.069634
61 1499948315 0.357893 0.600000 0.264214 0.410869 0.079500
67 1499948315 0.790253 0.400000 0.691649 0.888856 0.253689
61 1499948316 0.357893 0.600000 0.264214 0.410869 0.079500
67 1499948316 0.790253 0.400000 0.691649 0.888856 0.253689
61 1499948317 0.357893 0.600000 0.264214 0.410869 0.079500
67 1499948317 0.790253 0.400000 0.691649 0.888856 0.253689
61 1499948318 0.357893 0.600000 0.264214 0.410869 0.079500
67 1499948318 0.790253 0.400000 0.691649 0.888856 0.253689
61 1499948319 0.357893 0.600000 0.264214 0.410869 0.079500
67 1499948319 0.790253 0.400000 0.691649 0.888856 0.253689
61 1499948320 0.275508 0.400000 0.216460 0.334556 0.031757
67 1499948320 1.404772 0.600000 1.152437 1.668304 1.210680
61 1499948321 0.275508 0.400000 0.216460 0.334556 0.031757
67 1499948321 1.404772 0.600000 1.152437 1.668304 1.210680
61 1499948322 0.275508 0.400000 0.216460 0.334556 0.031757
67 1499948322 1.404772 0.600000 1.152437 1.668304 1.210680
61 1499948323 0.275508 0.400000 0.216460 0.334556 0.031757
67 1499948323 1.404772 0.600000 1.152437 1.668304 1.210680
61 1499948324 0.275508 0.400000 0.216460 0.334556 0.031757
67 1499948324 1.404772 0.600000 1.152437 1.668304 1.210680
61 1499948325 0.277941 0.800000 0.188950 0.430283 0.069635
67 1499948325 0.517923 0.200000 0.517923 0.517923 0.053649
61 1499948326 0.277941 0.800000 0.188950 0.430283 0.069635
67 1499948326 0.517923 0.200000 0.517923 0.517923 0.053649
61 1499948327 0.277941 0.800000 0.188950 0.430283 0.069635
67 1499948327 0.517923 0.200000 0.517923 0.517923 0.053649
61 1499948328 0.277941 0.800000 0.188950 0.430283 0.069635
67 1499948328 0.517923 0.200000 0.517923 0.517923 0.053649
61 1499948329 0.277941 0.800000 0.188950 0.430283 0.069635
67 1499948329 0.517923 0.200000 0.517923 0.517923 0.053649
61 1499948330 0.297348 0.400000 0.189431 0.405266 0.040025
67 1499948330 0.876738 0.800000 0.597195 1.038705 0.638208
61 1499948331 0.297348 0.400000 0.189431 0.405266 0.040025
67 1499948331 0.876738 0.800000 0.597195 1.038705 0.638208
61 1499948332 0.297348 0.400000 0.189431 0.405266 0.040025
67 1499948332 0.876738 0.800000 0.597195 1.038705 0.638208
61 1499948333 0.297348 0.400000 0.189431 0.405266 0.040025
67 1499948333 0.876738 0.800000 0.597195 1.038705 0.638208
61 1499948334 0.297348 0.400000 0.189431 0.405266 0.040025
67 1499948334 0.876738 0.800000 0.597195 1.038705 0.638208
61 1499948335 0.276775 1.000000 0.192798 0.373942 0.082713
67 1499948335 0.749697 0.600000 0.527232 0.946208 0.354983
61 1499948336 0.276775 1.000000 0.192798 0.373942 0.082713
67 1499948336 0.749697 0.600000 0.527232 0.946208 0.354983
61 1499948337 0.276775 1.000000 0.192798 0.373942 0.082713
67 1499948337 0.749697 0.600000 0.527232 0.946208 0.354983
61 1499948338 0.276775 1.000000 0.192798 0.373942 0.082713
67 1499948338 0.749697 0.600000 0.527232 0.946208 0.354983
61 1499948339 0.276775 1.000000 0.192798 0.373942 0.082713
67 1499948339 0.749697 0.600000 0.527232 0.946208 0.354983
61 1499948340 0.293664 0.400000 0.203356 0.383971 0.037758
67 1499948340 0.521665 0.400000 0.483822 0.559508 0.109427
64 1499948340 0.686604 0.200000 0.686604 0.686604 0.094285
61 1499948341 0.293664 0.400000 0.203356 0.383971 0.037758
67 1499948341 0.521665 0.400000 0.483822 0.559508 0.109427
64 1499948341 0.686604 0.200000 0.686604 0.686604 0.094285
61 1499948342 0.293664 0.400000 0.203356 0.383971 0.037758
67 1499948342 0.521665 0.400000 0.483822 0.559508 0.109427
64 1499948342 0.686604 0.200000 0.686604 0.686604 0.094285
61 1499948343 0.293664 0.400000 0.203356 0.383971 0.037758
67 1499948343 0.521665 0.400000 0.483822 0.559508 0.109427
64 1499948343 0.686604 0.200000 0.686604 0.686604 0.094285
61 1499948344 0.293664 0.400000 0.203356 0.383971 0.037758
67 1499948344 0.521665 0.400000 0.483822 0.559508 0.109427
64 1499948344 0.686604 0.200000 0.686604 0.686604 0.094285
67 1499948345 0.669415 0.600000 0.484421 0.905130 0.287341
67 1499948346 0.669415 0.600000 0.484421 0.905130 0.287341
67 1499948347 0.669415 0.600000 0.484421 0.905130 0.287341
67 1499948348 0.669415 0.600000 0.484421 0.905130 0.287341
67 1499948349 0.669415 0.600000 0.484421 0.905130 0.287341
61 1499948350 0.236028 0.200000 0.236028 0.236028 0.011142
67 1499948350 2.090683 0.600000 1.186464 3.394118 3.157758
67 1499948351 2.090683 0.600000 1.186464 3.394118 3.157758
61 1499948351 0.236028 0.200000 0.236028 0.236028 0.011142
67 1499948414 0.624077 0.800000 0.483529 0.764754 0.324667
67 1499948413 0.624077 0.800000 0.483529 0.764754 0.324667
67 1499948412 0.624077 0.800000 0.483529 0.764754 0.324667
67 1499948411 0.624077 0.800000 0.483529 0.764754 0.324667
67 1499948410 0.624077 0.800000 0.483529 0.764754 0.324667
67 1499948399 0.484158 0.200000 0.484158 0.484158 0.046882
67 1499948398 0.484158 0.200000 0.484158 0.484158 0.046882
67 1499948397 0.484158 0.200000 0.484158 0.484158 0.046882
67 1499948396 0.484158 0.200000 0.484158 0.484158 0.046882
67 1499948395 0.484158 0.200000 0.484158 0.484158 0.046882
67 1499948394 0.802752 0.400000 0.790585 0.814920 0.257824
67 1499948393 0.802752 0.400000 0.790585 0.814920 0.257824
67 1499948392 0.802752 0.400000 0.790585 0.814920 0.257824
67 1499948391 0.802752 0.400000 0.790585 0.814920 0.257824
67 1499948390 0.802752 0.400000 0.790585 0.814920 0.257824
67 1499948389 0.520598 0.400000 0.519659 0.521538 0.108409
67 1499948388 0.520598 0.400000 0.519659 0.521538 0.108409
67 1499948387 0.520598 0.400000 0.519659 0.521538 0.108409
67 1499948386 0.520598 0.400000 0.519659 0.521538 0.108409
67 1499948385 0.520598 0.400000 0.519659 0.521538 0.108409
67 1499948384 0.639764 0.400000 0.594768 0.684759 0.164529
67 1499948383 0.639764 0.400000 0.594768 0.684759 0.164529
67 1499948382 0.639764 0.400000 0.594768 0.684759 0.164529
67 1499948381 0.639764 0.400000 0.594768 0.684759 0.164529
67 1499948380 0.639764 0.400000 0.594768 0.684759 0.164529
67 1499948379 0.694302 0.200000 0.694302 0.694302 0.096411
67 1499948378 0.694302 0.200000 0.694302 0.694302 0.096411
67 1499948377 0.694302 0.200000 0.694302 0.694302 0.096411
67 1499948376 0.694302 0.200000 0.694302 0.694302 0.096411
67 1499948375 0.694302 0.200000 0.694302 0.694302 0.096411
67 1499948374 0.543457 0.400000 0.536534 0.550381 0.118158
67 1499948373 0.543457 0.400000 0.536534 0.550381 0.118158
67 1499948372 0.543457 0.400000 0.536534 0.550381 0.118158
67 1499948371 0.543457 0.400000 0.536534 0.550381 0.118158
67 1499948370 0.543457 0.400000 0.536534 0.550381 0.118158
67 1499948364 0.535676 0.200000 0.535676 0.535676 0.057390
67 1499948363 0.535676 0.200000 0.535676 0.535676 0.057390
67 1499948362 0.535676 0.200000 0.535676 0.535676 0.057390
67 1499948361 0.535676 0.200000 0.535676 0.535676 0.057390
67 1499948360 0.535676 0.200000 0.535676 0.535676 0.057390
67 1499948359 0.734091 0.200000 0.734091 0.734091 0.107778
67 1499948358 0.734091 0.200000 0.734091 0.734091 0.107778
67 1499948357 0.734091 0.200000 0.734091 0.734091 0.107778
67 1499948356 0.734091 0.200000 0.734091 0.734091 0.107778
67 1499948355 0.734091 0.200000 0.734091 0.734091 0.107778
67 1499948354 2.090683 0.600000 1.186464 3.394118 3.157758
67 1499948353 2.090683 0.600000 1.186464 3.394118 3.157758
67 1499948352 2.090683 0.600000 1.186464 3.394118 3.157758
61 1499948409 0.181655 0.200000 0.181655 0.181655 0.006600
61 1499948408 0.181655 0.200000 0.181655 0.181655 0.006600
61 1499948407 0.181655 0.200000 0.181655 0.181655 0.006600
61 1499948406 0.181655 0.200000 0.181655 0.181655 0.006600
61 1499948405 0.181655 0.200000 0.181655 0.181655 0.006600
61 1499948404 0.198092 0.800000 0.190484 0.214959 0.031470
61 1499948403 0.198092 0.800000 0.190484 0.214959 0.031470
61 1499948402 0.198092 0.800000 0.190484 0.214959 0.031470
61 1499948401 0.198092 0.800000 0.190484 0.214959 0.031470
61 1499948400 0.198092 0.800000 0.190484 0.214959 0.031470
61 1499948389 0.209471 0.200000 0.209471 0.209471 0.008776
61 1499948388 0.209471 0.200000 0.209471 0.209471 0.008776
61 1499948387 0.209471 0.200000 0.209471 0.209471 0.008776
61 1499948386 0.209471 0.200000 0.209471 0.209471 0.008776
61 1499948385 0.209471 0.200000 0.209471 0.209471 0.008776
61 1499948384 0.336028 0.400000 0.269608 0.402448 0.046931
61 1499948383 0.336028 0.400000 0.269608 0.402448 0.046931
61 1499948382 0.336028 0.400000 0.269608 0.402448 0.046931
61 1499948381 0.336028 0.400000 0.269608 0.402448 0.046931
61 1499948380 0.336028 0.400000 0.269608 0.402448 0.046931
61 1499948379 0.211865 0.400000 0.192919 0.230812 0.018098
61 1499948378 0.211865 0.400000 0.192919 0.230812 0.018098
61 1499948377 0.211865 0.400000 0.192919 0.230812 0.018098
61 1499948376 0.211865 0.400000 0.192919 0.230812 0.018098
61 1499948375 0.211865 0.400000 0.192919 0.230812 0.018098
61 1499948374 0.206043 0.400000 0.205377 0.206708 0.016981
61 1499948373 0.206043 0.400000 0.205377 0.206708 0.016981
61 1499948372 0.206043 0.400000 0.205377 0.206708 0.016981
61 1499948371 0.206043 0.400000 0.205377 0.206708 0.016981
61 1499948370 0.206043 0.400000 0.205377 0.206708 0.016981
61 1499948369 0.197828 0.200000 0.197828 0.197828 0.007827
61 1499948368 0.197828 0.200000 0.197828 0.197828 0.007827
61 1499948367 0.197828 0.200000 0.197828 0.197828 0.007827
61 1499948366 0.197828 0.200000 0.197828 0.197828 0.007827
61 1499948365 0.197828 0.200000 0.197828 0.197828 0.007827
61 1499948364 0.200997 0.400000 0.198983 0.203010 0.016161
61 1499948363 0.200997 0.400000 0.198983 0.203010 0.016161
61 1499948362 0.200997 0.400000 0.198983 0.203010 0.016161
61 1499948361 0.200997 0.400000 0.198983 0.203010 0.016161
61 1499948360 0.200997 0.400000 0.198983 0.203010 0.016161
61 1499948354 0.236028 0.200000 0.236028 0.236028 0.011142
61 1499948353 0.236028 0.200000 0.236028 0.236028 0.011142
61 1499948352 0.236028 0.200000 0.236028 0.236028 0.011142
