59 1499947595 0.200000 -1.000000 -101.000000 0.000000 0.000000
59 1499947596 0.200000 -1.000000 -101.000000 0.000000 0.000000
59 1499947597 0.200000 -1.000000 -101.000000 0.000000 0.000000
59 1499947598 0.200000 -1.000000 -101.000000 0.000000 0.000000
59 1499947599 0.200000 -1.000000 -101.000000 0.000000 0.000000
59 1499947600 0.200000 -1.000000 -101.000000 0.000000 0.000000
59 1499947601 0.200000 -1.000000 -101.000000 0.000000 0.000000
59 1499947602 0.200000 -1.000000 -101.000000 0.000000 0.000000
59 1499947603 0.200000 -1.000000 -101.000000 0.000000 0.000000
59 1499947604 0.200000 -1.000000 -101.000000 0.000000 0.000000
59 1499947605 0.400000 -1.000000 -101.000000 0.000000 0.000000
59 1499947606 0.400000 -1.000000 -101.000000 0.000000 0.000000
59 1499947607 0.400000 -1.000000 -101.000000 0.000000 0.000000
59 1499947608 0.400000 -1.000000 -101.000000 0.000000 0.000000
59 1499947609 0.400000 -1.000000 -101.000000 0.000000 0.000000
59 1499947610 0.400000 -1.000000 -101.000000 0.000000 0.000000
59 1499947611 0.400000 -1.000000 -101.000000 0.000000 0.000000
59 1499947612 0.400000 -1.000000 -101.000000 0.000000 0.000000
59 1499947613 0.400000 -1.000000 -101.000000 0.000000 0.000000
59 1499947614 0.400000 -1.000000 -101.000000 0.000000 0.000000
59 1499947615 0.400000 -1.000000 -101.000000 0.000000 0.000000
59 1499947616 0.400000 -1.000000 -101.000000 0.000000 0.000000
59 1499947617 0.400000 -1.000000 -101.000000 0.000000 0.000000
59 1499947618 0.400000 -1.000000 -101.000000 0.000000 0.000000
59 1499947619 0.400000 -1.000000 -101.000000 0.000000 0.000000
59 1499947620 0.400000 -1.000000 -101.000000 0.000000 0.000000
59 1499947621 0.400000 -1.000000 -101.000000 0.000000 0.000000
59 1499947622 0.400000 -1.000000 -101.000000 0.000000 0.000000
59 1499947623 0.400000 -1.000000 -101.000000 0.000000 0.000000
59 1499947624 0.400000 -1.000000 -101.000000 0.000000 0.000000
59 1499947625 0.400000 -1.000000 -101.000000 0.000000 0.000000
59 1499947626 0.400000 -1.000000 -101.000000 0.000000 0.000000
59 1499947627 0.400000 -1.000000 -101.000000 0.000000 0.000000
59 1499947628 0.400000 -1.000000 -101.000000 0.000000 0.000000
59 1499947629 0.400000 -1.000000 -101.000000 0.000000 0.000000
59 1499947630 0.400000 -1.000000 -101.000000 0.000000 0.000000
59 1499947631 0.400000 -1.000000 -101.000000 0.000000 0.000000
59 1499947632 0.400000 -1.000000 -101.000000 0.000000 0.000000
59 1499947633 0.400000 -1.000000 -101.000000 0.000000 0.000000
59 1499947634 0.400000 -1.000000 -101.000000 0.000000 0.000000
59 1499947635 0.400000 -1.000000 -101.000000 0.000000 0.000000
59 1499947636 0.400000 -1.000000 -101.000000 0.000000 0.000000
59 1499947637 0.400000 -1.000000 -101.000000 0.000000 0.000000
59 1499947638 0.400000 -1.000000 -101.000000 0.000000 0.000000
59 1499947639 0.400000 -1.000000 -101.000000 0.000000 0.000000
59 1499947640 0.600000 -1.000000 -101.000000 0.000000 0.000000
59 1499947641 0.600000 -1.000000 -101.000000 0.000000 0.000000
59 1499947642 0.600000 -1.000000 -101.000000 0.000000 0.000000
59 1499947643 0.600000 -1.000000 -101.000000 0.000000 0.000000
59 1499947644 0.600000 -1.000000 -101.000000 0.000000 0.000000
59 1499947645 0.400000 -1.000000 -101.000000 0.000000 0.000000
59 1499947646 0.400000 -1.000000 -101.000000 0.000000 0.000000
59 1499947647 0.400000 -1.000000 -101.000000 0.000000 0.000000
59 1499947648 0.400000 -1.000000 -101.000000 0.000000 0.000000
59 1499947649 0.400000 -1.000000 -101.000000 0.000000 0.000000
59 1499947650 0.600000 -1.000000 -101.000000 0.000000 0.000000
59 1499947651 0.600000 -1.000000 -101.000000 0.000000 0.000000
59 1499947652 0.600000 -1.000000 -101.000000 0.000000 0.000000
59 1499947653 0.600000 -1.000000 -101.000000 0.000000 0.000000
59 1499947654 0.600000 -1.000000 -101.000000 0.000000 0.000000
59 1499947655 0.400000 -1.000000 -101.000000 0.000000 0.000000
59 1499947656 0.400000 -1.000000 -101.000000 0.000000 0.000000
59 1499947657 0.400000 -1.000000 -101.000000 0.000000 0.000000
59 1499947658 0.400000 -1.000000 -101.000000 0.000000 0.000000
59 1499947659 0.400000 -1.000000 -101.000000 0.000000 0.000000
59 1499947660 0.200000 -1.000000 -101.000000 0.000000 0.000000
59 1499947661 0.200000 -1.000000 -101.000000 0.000000 0.000000
59 1499947662 0.200000 -1.000000 -101.000000 0.000000 0.000000
59 1499947663 0.200000 -1.000000 -101.000000 0.000000 0.000000
59 1499947664 0.200000 -1.000000 -101.000000 0.000000 0.000000
59 1499947665 0.800000 -1.000000 -101.000000 0.000000 0.000000
59 1499947666 0.800000 -1.000000 -101.000000 0.000000 0.000000
59 1499947667 0.800000 -1.000000 -101.000000 0.000000 0.000000
59 1499947668 0.800000 -1.000000 -101.000000 0.000000 0.000000
59 1499947669 0.800000 -1.000000 -101.000000 0.000000 0.000000
59 1499947670 0.600000 -1.000000 -101.000000 0.000000 0.000000
59 1499947671 0.600000 -1.000000 -101.000000 0.000000 0.000000
59 1499947672 0.600000 -1.000000 -101.000000 0.000000 0.000000
59 1499947673 0.600000 -1.000000 -101.000000 0.000000 0.000000
59 1499947674 0.600000 -1.000000 -101.000000 0.000000 0.000000
59 1499947675 0.800000 -1.000000 -101.000000 0.000000 0.000000
59 1499947676 0.800000 -1.000000 -101.000000 0.000000 0.000000
59 1499947677 0.800000 -1.000000 -101.000000 0.000000 0.000000
59 1499947678 0.800000 -1.000000 -101.000000 0.000000 0.000000
59 1499947679 0.800000 -1.000000 -101.000000 0.000000 0.000000
59 1499947680 0.600000 -1.000000 -101.000000 0.000000 0.000000
59 1499947681 0.600000 -1.000000 -101.000000 0.000000 0.000000
59 1499947682 0.600000 -1.000000 -101.000000 0.000000 0.000000
59 1499947683 0.600000 -1.000000 -101.000000 0.000000 0.000000
59 1499947684 0.600000 -1.000000 -101.000000 0.000000 0.000000
59 1499947685 1.000000 -1.000000 -101.000000 0.000000 0.000000
59 1499947686 1.000000 -1.000000 -101.000000 0.000000 0.000000
59 1499947687 1.000000 -1.000000 -101.000000 0.000000 0.000000
59 1499947688 1.000000 -1.000000 -101.000000 0.000000 0.000000
59 1499947689 1.000000 -1.000000 -101.000000 0.000000 0.000000
59 1499947690 1.000000 -1.000000 -101.000000 0.000000 0.000000
59 1499947691 1.000000 -1.000000 -101.000000 0.000000 0.000000
59 1499947692 1.000000 -1.000000 -101.000000 0.000000 0.000000
59 1499947693 1.000000 -1.000000 -101.000000 0.000000 0.000000
59 1499947694 1.000000 -1.000000 -101.000000 0.000000 0.000000
59 1499947695 1.200000 -1.000000 -101.000000 0.000000 0.000000
59 1499947696 1.200000 -1.000000 -101.000000 0.000000 0.000000
59 1499947697 1.200000 -1.000000 -101.000000 0.000000 0.000000
59 1499947698 1.200000 -1.000000 -101.000000 0.000000 0.000000
59 1499947699 1.200000 -1.000000 -101.000000 0.000000 0.000000
59 1499947700 1.000000 -1.000000 -101.000000 0.000000 0.000000
59 1499947701 1.000000 -1.000000 -101.000000 0.000000 0.000000
59 1499947702 1.000000 -1.000000 -101.000000 0.000000 0.000000
59 1499947703 1.000000 -1.000000 -101.000000 0.000000 0.000000
59 1499947704 1.000000 -1.000000 -101.000000 0.000000 0.000000
59 1499947705 1.200000 -1.000000 -101.000000 0.000000 0.000000
59 1499947706 1.200000 -1.000000 -101.000000 0.000000 0.000000
59 1499947707 1.200000 -1.000000 -101.000000 0.000000 0.000000
59 1499947708 1.200000 -1.000000 -101.000000 0.000000 0.000000
59 1499947709 1.200000 -1.000000 -101.000000 0.000000 0.000000
59 1499947710 0.800000 -1.000000 -101.000000 0.000000 0.000000
59 1499947711 0.800000 -1.000000 -101.000000 0.000000 0.000000
59 1499947712 0.800000 -1.000000 -101.000000 0.000000 0.000000
59 1499947713 0.800000 -1.000000 -101.000000 0.000000 0.000000
59 1499947714 0.800000 -1.000000 -101.000000 0.000000 0.000000
59 1499947715 0.400000 -1.000000 -101.000000 0.000000 0.000000
59 1499947716 0.400000 -1.000000 -101.000000 0.000000 0.000000
59 1499947717 0.400000 -1.000000 -101.000000 0.000000 0.000000
59 1499947718 0.400000 -1.000000 -101.000000 0.000000 0.000000
59 1499947719 0.400000 -1.000000 -101.000000 0.000000 0.000000
59 1499947720 0.600000 -1.000000 -101.000000 0.000000 0.000000
59 1499947721 0.600000 -1.000000 -101.000000 0.000000 0.000000
59 1499947722 0.600000 -1.000000 -101.000000 0.000000 0.000000
59 1499947723 0.600000 -1.000000 -101.000000 0.000000 0.000000
59 1499947724 0.600000 -1.000000 -101.000000 0.000000 0.000000
59 1499947725 1.000000 -1.000000 -101.000000 0.000000 0.000000
59 1499947726 1.000000 -1.000000 -101.000000 0.000000 0.000000
59 1499947727 1.000000 -1.000000 -101.000000 0.000000 0.000000
59 1499947728 1.000000 -1.000000 -101.000000 0.000000 0.000000
59 1499947729 1.000000 -1.000000 -101.000000 0.000000 0.000000
59 1499947730 1.000000 -1.000000 -101.000000 0.000000 0.000000
59 1499947731 1.000000 -1.000000 -101.000000 0.000000 0.000000
59 1499947732 1.000000 -1.000000 -101.000000 0.000000 0.000000
59 1499947733 1.000000 -1.000000 -101.000000 0.000000 0.000000
59 1499947734 1.000000 -1.000000 -101.000000 0.000000 0.000000
59 1499947735 1.800000 -1.000000 -101.000000 0.000000 0.000000
59 1499947736 1.800000 -1.000000 -101.000000 0.000000 0.000000
59 1499947737 1.800000 -1.000000 -101.000000 0.000000 0.000000
59 1499947738 1.800000 -1.000000 -101.000000 0.000000 0.000000
59 1499947739 1.800000 -1.000000 -101.000000 0.000000 0.000000
59 1499947740 1.800000 -1.000000 -101.000000 0.000000 0.000000
59 1499947741 1.800000 -1.000000 -101.000000 0.000000 0.000000
59 1499947742 1.800000 -1.000000 -101.000000 0.000000 0.000000
59 1499947743 1.800000 -1.000000 -101.000000 0.000000 0.000000
59 1499947744 1.800000 -1.000000 -101.000000 0.000000 0.000000
59 1499947745 1.800000 -1.000000 -101.000000 0.000000 0.000000
59 1499947746 1.800000 -1.000000 -101.000000 0.000000 0.000000
59 1499947747 1.800000 -1.000000 -101.000000 0.000000 0.000000
59 1499947748 1.800000 -1.000000 -101.000000 0.000000 0.000000
59 1499947749 1.800000 -1.000000 -101.000000 0.000000 0.000000
59 1499947750 1.400000 -1.000000 -101.000000 0.000000 0.000000
59 1499947751 1.400000 -1.000000 -101.000000 0.000000 0.000000
59 1499947752 1.400000 -1.000000 -101.000000 0.000000 0.000000
59 1499947753 1.400000 -1.000000 -101.000000 0.000000 0.000000
59 1499947754 1.400000 -1.000000 -101.000000 0.000000 0.000000
59 1499947755 1.400000 -1.000000 -101.000000 0.000000 0.000000
59 1499947756 1.400000 -1.000000 -101.000000 0.000000 0.000000
59 1499947757 1.400000 -1.000000 -101.000000 0.000000 0.000000
59 1499947758 1.400000 -1.000000 -101.000000 0.000000 0.000000
59 1499947759 1.400000 -1.000000 -101.000000 0.000000 0.000000
59 1499947760 1.200000 -1.000000 -101.000000 0.000000 0.000000
59 1499947761 1.200000 -1.000000 -101.000000 0.000000 0.000000
59 1499947762 1.200000 -1.000000 -101.000000 0.000000 0.000000
59 1499947763 1.200000 -1.000000 -101.000000 0.000000 0.000000
59 1499947764 1.200000 -1.000000 -101.000000 0.000000 0.000000
59 1499947765 1.000000 -1.000000 -101.000000 0.000000 0.000000
59 1499947766 1.000000 -1.000000 -101.000000 0.000000 0.000000
59 1499947767 1.000000 -1.000000 -101.000000 0.000000 0.000000
59 1499947768 1.000000 -1.000000 -101.000000 0.000000 0.000000
59 1499947769 1.000000 -1.000000 -101.000000 0.000000 0.000000
59 1499947770 1.000000 -1.000000 -101.000000 0.000000 0.000000
59 1499947771 1.000000 -1.000000 -101.000000 0.000000 0.000000
59 1499947772 1.000000 -1.000000 -101.000000 0.000000 0.000000
59 1499947773 1.000000 -1.000000 -101.000000 0.000000 0.000000
59 1499947774 1.000000 -1.000000 -101.000000 0.000000 0.000000
59 1499947775 1.600000 -1.000000 -101.000000 0.000000 0.000000
59 1499947776 1.600000 -1.000000 -101.000000 0.000000 0.000000
59 1499947777 1.600000 -1.000000 -101.000000 0.000000 0.000000
59 1499947778 1.600000 -1.000000 -101.000000 0.000000 0.000000
59 1499947779 1.600000 -1.000000 -101.000000 0.000000 0.000000
59 1499947780 1.400000 -1.000000 -101.000000 0.000000 0.000000
59 1499947781 1.400000 -1.000000 -101.000000 0.000000 0.000000
59 1499947782 1.400000 -1.000000 -101.000000 0.000000 0.000000
59 1499947783 1.400000 -1.000000 -101.000000 0.000000 0.000000
59 1499947784 1.400000 -1.000000 -101.000000 0.000000 0.000000
59 1499947785 1.000000 -1.000000 -101.000000 0.000000 0.000000
59 1499947786 1.000000 -1.000000 -101.000000 0.000000 0.000000
59 1499947787 1.000000 -1.000000 -101.000000 0.000000 0.000000
59 1499947788 1.000000 -1.000000 -101.000000 0.000000 0.000000
59 1499947789 1.000000 -1.000000 -101.000000 0.000000 0.000000
59 1499947790 2.000000 -1.000000 -101.000000 0.000000 0.000000
59 1499947791 2.000000 -1.000000 -101.000000 0.000000 0.000000
59 1499947792 2.000000 -1.000000 -101.000000 0.000000 0.000000
59 1499947793 2.000000 -1.000000 -101.000000 0.000000 0.000000
59 1499947794 2.000000 -1.000000 -101.000000 0.000000 0.000000
59 1499947795 1.600000 -1.000000 -101.000000 0.000000 0.000000
59 1499947796 1.600000 -1.000000 -101.000000 0.000000 0.000000
59 1499947797 1.600000 -1.000000 -101.000000 0.000000 0.000000
59 1499947798 1.600000 -1.000000 -101.000000 0.000000 0.000000
59 1499947799 1.600000 -1.000000 -101.000000 0.000000 0.000000
59 1499947800 1.400000 -1.000000 -101.000000 0.000000 0.000000
59 1499947801 1.400000 -1.000000 -101.000000 0.000000 0.000000
59 1499947802 1.400000 -1.000000 -101.000000 0.000000 0.000000
59 1499947803 1.400000 -1.000000 -101.000000 0.000000 0.000000
59 1499947804 1.400000 -1.000000 -101.000000 0.000000 0.000000
59 1499947805 3.000000 -1.000000 -101.000000 0.000000 0.000000
59 1499947806 3.000000 -1.000000 -101.000000 0.000000 0.000000
59 1499947807 3.000000 -1.000000 -101.000000 0.000000 0.000000
59 1499947808 3.000000 -1.000000 -101.000000 0.000000 0.000000
59 1499947809 3.000000 -1.000000 -101.000000 0.000000 0.000000
59 1499947810 1.400000 -1.000000 -101.000000 0.000000 0.000000
59 1499947811 1.400000 -1.000000 -101.000000 0.000000 0.000000
59 1499947812 1.400000 -1.000000 -101.000000 0.000000 0.000000
59 1499947813 1.400000 -1.000000 -101.000000 0.000000 0.000000
59 1499947814 1.400000 -1.000000 -101.000000 0.000000 0.000000
59 1499947815 0.800000 -1.000000 -101.000000 0.000000 0.000000
59 1499947816 0.800000 -1.000000 -101.000000 0.000000 0.000000
59 1499947817 0.800000 -1.000000 -101.000000 0.000000 0.000000
59 1499947818 0.800000 -1.000000 -101.000000 0.000000 0.000000
59 1499947819 0.800000 -1.000000 -101.000000 0.000000 0.000000
59 1499947820 1.400000 -1.000000 -101.000000 0.000000 0.000000
59 1499947821 1.400000 -1.000000 -101.000000 0.000000 0.000000
59 1499947822 1.400000 -1.000000 -101.000000 0.000000 0.000000
59 1499947823 1.400000 -1.000000 -101.000000 0.000000 0.000000
59 1499947824 1.400000 -1.000000 -101.000000 0.000000 0.000000
59 1499947825 1.800000 -1.000000 -101.000000 0.000000 0.000000
59 1499947826 1.800000 -1.000000 -101.000000 0.000000 0.000000
59 1499947827 1.800000 -1.000000 -101.000000 0.000000 0.000000
59 1499947828 1.800000 -1.000000 -101.000000 0.000000 0.000000
59 1499947829 1.800000 -1.000000 -101.000000 0.000000 0.000000
59 1499947830 1.400000 -1.000000 -101.000000 0.000000 0.000000
59 1499947831 1.400000 -1.000000 -101.000000 0.000000 0.000000
59 1499947832 1.400000 -1.000000 -101.000000 0.000000 0.000000
59 1499947833 1.400000 -1.000000 -101.000000 0.000000 0.000000
59 1499947834 1.400000 -1.000000 -101.000000 0.000000 0.000000
59 1499947835 2.200000 -1.000000 -101.000000 0.000000 0.000000
59 1499947836 2.200000 -1.000000 -101.000000 0.000000 0.000000
59 1499947837 2.200000 -1.000000 -101.000000 0.000000 0.000000
59 1499947838 2.200000 -1.000000 -101.000000 0.000000 0.000000
59 1499947839 2.200000 -1.000000 -101.000000 0.000000 0.000000
59 1499947840 2.200000 -1.000000 -101.000000 0.000000 0.000000
59 1499947841 2.200000 -1.000000 -101.000000 0.000000 0.000000
59 1499947842 2.200000 -1.000000 -101.000000 0.000000 0.000000
59 1499947843 2.200000 -1.000000 -101.000000 0.000000 0.000000
59 1499947844 2.200000 -1.000000 -101.000000 0.000000 0.000000
59 1499947845 1.800000 -1.000000 -101.000000 0.000000 0.000000
59 1499947846 1.800000 -1.000000 -101.000000 0.000000 0.000000
59 1499947847 1.800000 -1.000000 -101.000000 0.000000 0.000000
59 1499947848 1.800000 -1.000000 -101.000000 0.000000 0.000000
59 1499947849 1.800000 -1.000000 -101.000000 0.000000 0.000000
59 1499947850 2.400000 -1.000000 -101.000000 0.000000 0.000000
59 1499947851 2.400000 -1.000000 -101.000000 0.000000 0.000000
59 1499947852 2.400000 -1.000000 -101.000000 0.000000 0.000000
59 1499947853 2.400000 -1.000000 -101.000000 0.000000 0.000000
59 1499947854 2.400000 -1.000000 -101.000000 0.000000 0.000000
59 1499947855 2.200000 -1.000000 -101.000000 0.000000 0.000000
59 1499947856 2.200000 -1.000000 -101.000000 0.000000 0.000000
59 1499947857 2.200000 -1.000000 -101.000000 0.000000 0.000000
59 1499947858 2.200000 -1.000000 -101.000000 0.000000 0.000000
59 1499947859 2.200000 -1.000000 -101.000000 0.000000 0.000000
59 1499947860 1.600000 -1.000000 -101.000000 0.000000 0.000000
59 1499947861 1.600000 -1.000000 -101.000000 0.000000 0.000000
59 1499947862 1.600000 -1.000000 -101.000000 0.000000 0.000000
59 1499947863 1.600000 -1.000000 -101.000000 0.000000 0.000000
59 1499947864 1.600000 -1.000000 -101.000000 0.000000 0.000000
59 1499947865 1.800000 -1.000000 -101.000000 0.000000 0.000000
59 1499947866 1.800000 -1.000000 -101.000000 0.000000 0.000000
59 1499947867 1.800000 -1.000000 -101.000000 0.000000 0.000000
59 1499947868 1.800000 -1.000000 -101.000000 0.000000 0.000000
59 1499947869 1.800000 -1.000000 -101.000000 0.000000 0.000000
59 1499947870 1.000000 -1.000000 -101.000000 0.000000 0.000000
59 1499947871 1.000000 -1.000000 -101.000000 0.000000 0.000000
59 1499947872 1.000000 -1.000000 -101.000000 0.000000 0.000000
59 1499947873 1.000000 -1.000000 -101.000000 0.000000 0.000000
59 1499947874 1.000000 -1.000000 -101.000000 0.000000 0.000000
59 1499947875 2.000000 -1.000000 -101.000000 0.000000 0.000000
59 1499947876 2.000000 -1.000000 -101.000000 0.000000 0.000000
59 1499947877 2.000000 -1.000000 -101.000000 0.000000 0.000000
59 1499947878 2.000000 -1.000000 -101.000000 0.000000 0.000000
59 1499947879 2.000000 -1.000000 -101.000000 0.000000 0.000000
59 1499947880 0.600000 -1.000000 -101.000000 0.000000 0.000000
59 1499947881 0.600000 -1.000000 -101.000000 0.000000 0.000000
59 1499947882 0.600000 -1.000000 -101.000000 0.000000 0.000000
59 1499947883 0.600000 -1.000000 -101.000000 0.000000 0.000000
59 1499947884 0.600000 -1.000000 -101.000000 0.000000 0.000000
59 1499947885 2.400000 -1.000000 -101.000000 0.000000 0.000000
59 1499947886 2.400000 -1.000000 -101.000000 0.000000 0.000000
59 1499947887 2.400000 -1.000000 -101.000000 0.000000 0.000000
59 1499947888 2.400000 -1.000000 -101.000000 0.000000 0.000000
59 1499947889 2.400000 -1.000000 -101.000000 0.000000 0.000000
59 1499947890 2.000000 -1.000000 -101.000000 0.000000 0.000000
59 1499947891 2.000000 -1.000000 -101.000000 0.000000 0.000000
59 1499947892 2.000000 -1.000000 -101.000000 0.000000 0.000000
59 1499947893 2.000000 -1.000000 -101.000000 0.000000 0.000000
59 1499947894 2.000000 -1.000000 -101.000000 0.000000 0.000000
59 1499947895 2.800000 -1.000000 -101.000000 0.000000 0.000000
59 1499947896 2.800000 -1.000000 -101.000000 0.000000 0.000000
59 1499947897 2.800000 -1.000000 -101.000000 0.000000 0.000000
59 1499947898 2.800000 -1.000000 -101.000000 0.000000 0.000000
59 1499947899 2.800000 -1.000000 -101.000000 0.000000 0.000000
59 1499947900 1.800000 -1.000000 -101.000000 0.000000 0.000000
59 1499947901 1.800000 -1.000000 -101.000000 0.000000 0.000000
59 1499947902 1.800000 -1.000000 -101.000000 0.000000 0.000000
59 1499947903 1.800000 -1.000000 -101.000000 0.000000 0.000000
59 1499947904 1.800000 -1.000000 -101.000000 0.000000 0.000000
59 1499947905 2.600000 -1.000000 -101.000000 0.000000 0.000000
59 1499947906 2.600000 -1.000000 -101.000000 0.000000 0.000000
59 1499947907 2.600000 -1.000000 -101.000000 0.000000 0.000000
59 1499947908 2.600000 -1.000000 -101.000000 0.000000 0.000000
59 1499947909 2.600000 -1.000000 -101.000000 0.000000 0.000000
59 1499947910 1.200000 -1.000000 -101.000000 0.000000 0.000000
59 1499947911 1.200000 -1.000000 -101.000000 0.000000 0.000000
59 1499947912 1.200000 -1.000000 -101.000000 0.000000 0.000000
59 1499947913 1.200000 -1.000000 -101.000000 0.000000 0.000000
59 1499947914 1.200000 -1.000000 -101.000000 0.000000 0.000000
59 1499947915 1.600000 -1.000000 -101.000000 0.000000 0.000000
59 1499947916 1.600000 -1.000000 -101.000000 0.000000 0.000000
59 1499947917 1.600000 -1.000000 -101.000000 0.000000 0.000000
59 1499947918 1.600000 -1.000000 -101.000000 0.000000 0.000000
59 1499947919 1.600000 -1.000000 -101.000000 0.000000 0.000000
59 1499947920 1.200000 -1.000000 -101.000000 0.000000 0.000000
59 1499947921 1.200000 -1.000000 -101.000000 0.000000 0.000000
59 1499947922 1.200000 -1.000000 -101.000000 0.000000 0.000000
59 1499947923 1.200000 -1.000000 -101.000000 0.000000 0.000000
59 1499947924 1.200000 -1.000000 -101.000000 0.000000 0.000000
59 1499947925 1.800000 -1.000000 -101.000000 0.000000 0.000000
59 1499947926 1.800000 -1.000000 -101.000000 0.000000 0.000000
59 1499947927 1.800000 -1.000000 -101.000000 0.000000 0.000000
59 1499947928 1.800000 -1.000000 -101.000000 0.000000 0.000000
59 1499947929 1.800000 -1.000000 -101.000000 0.000000 0.000000
59 1499947930 1.600000 -1.000000 -101.000000 0.000000 0.000000
59 1499947931 1.600000 -1.000000 -101.000000 0.000000 0.000000
59 1499947932 1.600000 -1.000000 -101.000000 0.000000 0.000000
59 1499947933 1.600000 -1.000000 -101.000000 0.000000 0.000000
59 1499947934 1.600000 -1.000000 -101.000000 0.000000 0.000000
59 1499947935 1.600000 -1.000000 -101.000000 0.000000 0.000000
59 1499947936 1.600000 -1.000000 -101.000000 0.000000 0.000000
59 1499947937 1.600000 -1.000000 -101.000000 0.000000 0.000000
59 1499947938 1.600000 -1.000000 -101.000000 0.000000 0.000000
59 1499947939 1.600000 -1.000000 -101.000000 0.000000 0.000000
59 1499947940 2.000000 -1.000000 -101.000000 0.000000 0.000000
59 1499947941 2.000000 -1.000000 -101.000000 0.000000 0.000000
59 1499947942 2.000000 -1.000000 -101.000000 0.000000 0.000000
59 1499947943 2.000000 -1.000000 -101.000000 0.000000 0.000000
59 1499947944 2.000000 -1.000000 -101.000000 0.000000 0.000000
59 1499947945 1.600000 -1.000000 -101.000000 0.000000 0.000000
59 1499947946 1.600000 -1.000000 -101.000000 0.000000 0.000000
59 1499947947 1.600000 -1.000000 -101.000000 0.000000 0.000000
59 1499947948 1.600000 -1.000000 -101.000000 0.000000 0.000000
59 1499947949 1.600000 -1.000000 -101.000000 0.000000 0.000000
59 1499947950 2.200000 -1.000000 -101.000000 0.000000 0.000000
59 1499947951 2.200000 -1.000000 -101.000000 0.000000 0.000000
59 1499947952 2.200000 -1.000000 -101.000000 0.000000 0.000000
59 1499947953 2.200000 -1.000000 -101.000000 0.000000 0.000000
59 1499947954 2.200000 -1.000000 -101.000000 0.000000 0.000000
59 1499947955 1.800000 -1.000000 -101.000000 0.000000 0.000000
59 1499947956 1.800000 -1.000000 -101.000000 0.000000 0.000000
59 1499947957 1.800000 -1.000000 -101.000000 0.000000 0.000000
59 1499947958 1.800000 -1.000000 -101.000000 0.000000 0.000000
59 1499947959 1.800000 -1.000000 -101.000000 0.000000 0.000000
59 1499947960 1.800000 -1.000000 -101.000000 0.000000 0.000000
59 1499947961 1.800000 -1.000000 -101.000000 0.000000 0.000000
59 1499947962 1.800000 -1.000000 -101.000000 0.000000 0.000000
59 1499947963 1.800000 -1.000000 -101.000000 0.000000 0.000000
59 1499947964 1.800000 -1.000000 -101.000000 0.000000 0.000000
59 1499947965 1.400000 -1.000000 -101.000000 0.000000 0.000000
59 1499947966 1.400000 -1.000000 -101.000000 0.000000 0.000000
59 1499947967 1.400000 -1.000000 -101.000000 0.000000 0.000000
59 1499947968 1.400000 -1.000000 -101.000000 0.000000 0.000000
59 1499947969 1.400000 -1.000000 -101.000000 0.000000 0.000000
59 1499947970 1.400000 -1.000000 -101.000000 0.000000 0.000000
59 1499947971 1.400000 -1.000000 -101.000000 0.000000 0.000000
59 1499947972 1.400000 -1.000000 -101.000000 0.000000 0.000000
59 1499947973 1.400000 -1.000000 -101.000000 0.000000 0.000000
59 1499947974 1.400000 -1.000000 -101.000000 0.000000 0.000000
59 1499947975 1.600000 -1.000000 -101.000000 0.000000 0.000000
59 1499947976 1.600000 -1.000000 -101.000000 0.000000 0.000000
59 1499947977 1.600000 -1.000000 -101.000000 0.000000 0.000000
59 1499947978 1.600000 -1.000000 -101.000000 0.000000 0.000000
59 1499947979 1.600000 -1.000000 -101.000000 0.000000 0.000000
59 1499947980 1.000000 -1.000000 -101.000000 0.000000 0.000000
59 1499947981 1.000000 -1.000000 -101.000000 0.000000 0.000000
59 1499947982 1.000000 -1.000000 -101.000000 0.000000 0.000000
59 1499947983 1.000000 -1.000000 -101.000000 0.000000 0.000000
59 1499947984 1.000000 -1.000000 -101.000000 0.000000 0.000000
59 1499947985 1.800000 -1.000000 -101.000000 0.000000 0.000000
59 1499947986 1.800000 -1.000000 -101.000000 0.000000 0.000000
59 1499947987 1.800000 -1.000000 -101.000000 0.000000 0.000000
59 1499947988 1.800000 -1.000000 -101.000000 0.000000 0.000000
59 1499947989 1.800000 -1.000000 -101.000000 0.000000 0.000000
59 1499947990 2.200000 -1.000000 -101.000000 0.000000 0.000000
59 1499947991 2.200000 -1.000000 -101.000000 0.000000 0.000000
59 1499947992 2.200000 -1.000000 -101.000000 0.000000 0.000000
59 1499947993 2.200000 -1.000000 -101.000000 0.000000 0.000000
59 1499947994 2.200000 -1.000000 -101.000000 0.000000 0.000000
59 1499947995 1.600000 -1.000000 -101.000000 0.000000 0.000000
59 1499947996 1.600000 -1.000000 -101.000000 0.000000 0.000000
59 1499947997 1.600000 -1.000000 -101.000000 0.000000 0.000000
59 1499947998 1.600000 -1.000000 -101.000000 0.000000 0.000000
59 1499947999 1.600000 -1.000000 -101.000000 0.000000 0.000000
59 1499948000 1.600000 -1.000000 -101.000000 0.000000 0.000000
59 1499948001 1.600000 -1.000000 -101.000000 0.000000 0.000000
59 1499948002 1.600000 -1.000000 -101.000000 0.000000 0.000000
59 1499948003 1.600000 -1.000000 -101.000000 0.000000 0.000000
59 1499948004 1.600000 -1.000000 -101.000000 0.000000 0.000000
59 1499948005 0.800000 -1.000000 -101.000000 0.000000 0.000000
59 1499948006 0.800000 -1.000000 -101.000000 0.000000 0.000000
59 1499948007 0.800000 -1.000000 -101.000000 0.000000 0.000000
59 1499948008 0.800000 -1.000000 -101.000000 0.000000 0.000000
59 1499948009 0.800000 -1.000000 -101.000000 0.000000 0.000000
59 1499948010 2.800000 -1.000000 -101.000000 0.000000 0.000000
59 1499948011 2.800000 -1.000000 -101.000000 0.000000 0.000000
59 1499948012 2.800000 -1.000000 -101.000000 0.000000 0.000000
59 1499948013 2.800000 -1.000000 -101.000000 0.000000 0.000000
59 1499948014 2.800000 -1.000000 -101.000000 0.000000 0.000000
59 1499948015 2.400000 -1.000000 -101.000000 0.000000 0.000000
59 1499948016 2.400000 -1.000000 -101.000000 0.000000 0.000000
59 1499948017 2.400000 -1.000000 -101.000000 0.000000 0.000000
59 1499948018 2.400000 -1.000000 -101.000000 0.000000 0.000000
59 1499948019 2.400000 -1.000000 -101.000000 0.000000 0.000000
59 1499948020 2.600000 -1.000000 -101.000000 0.000000 0.000000
59 1499948021 2.600000 -1.000000 -101.000000 0.000000 0.000000
59 1499948022 2.600000 -1.000000 -101.000000 0.000000 0.000000
59 1499948023 2.600000 -1.000000 -101.000000 0.000000 0.000000
59 1499948024 2.600000 -1.000000 -101.000000 0.000000 0.000000
59 1499948025 0.800000 -1.000000 -101.000000 0.000000 0.000000
59 1499948026 0.800000 -1.000000 -101.000000 0.000000 0.000000
59 1499948027 0.800000 -1.000000 -101.000000 0.000000 0.000000
59 1499948028 0.800000 -1.000000 -101.000000 0.000000 0.000000
59 1499948029 0.800000 -1.000000 -101.000000 0.000000 0.000000
59 1499948030 1.400000 -1.000000 -101.000000 0.000000 0.000000
59 1499948031 1.400000 -1.000000 -101.000000 0.000000 0.000000
59 1499948032 1.400000 -1.000000 -101.000000 0.000000 0.000000
59 1499948033 1.400000 -1.000000 -101.000000 0.000000 0.000000
59 1499948034 1.400000 -1.000000 -101.000000 0.000000 0.000000
59 1499948035 1.800000 -1.000000 -101.000000 0.000000 0.000000
59 1499948036 1.800000 -1.000000 -101.000000 0.000000 0.000000
59 1499948037 1.800000 -1.000000 -101.000000 0.000000 0.000000
59 1499948038 1.800000 -1.000000 -101.000000 0.000000 0.000000
59 1499948039 1.800000 -1.000000 -101.000000 0.000000 0.000000
59 1499948040 1.200000 -1.000000 -101.000000 0.000000 0.000000
59 1499948041 1.200000 -1.000000 -101.000000 0.000000 0.000000
59 1499948042 1.200000 -1.000000 -101.000000 0.000000 0.000000
59 1499948043 1.200000 -1.000000 -101.000000 0.000000 0.000000
59 1499948044 1.200000 -1.000000 -101.000000 0.000000 0.000000
59 1499948045 1.800000 -1.000000 -101.000000 0.000000 0.000000
59 1499948046 1.800000 -1.000000 -101.000000 0.000000 0.000000
59 1499948047 1.800000 -1.000000 -101.000000 0.000000 0.000000
59 1499948048 1.800000 -1.000000 -101.000000 0.000000 0.000000
59 1499948049 1.800000 -1.000000 -101.000000 0.000000 0.000000
59 1499948050 2.000000 -1.000000 -101.000000 0.000000 0.000000
59 1499948051 2.000000 -1.000000 -101.000000 0.000000 0.000000
59 1499948052 2.000000 -1.000000 -101.000000 0.000000 0.000000
59 1499948053 2.000000 -1.000000 -101.000000 0.000000 0.000000
59 1499948054 2.000000 -1.000000 -101.000000 0.000000 0.000000
59 1499948055 1.000000 -1.000000 -101.000000 0.000000 0.000000
59 1499948056 1.000000 -1.000000 -101.000000 0.000000 0.000000
59 1499948057 1.000000 -1.000000 -101.000000 0.000000 0.000000
59 1499948058 1.000000 -1.000000 -101.000000 0.000000 0.000000
59 1499948059 1.000000 -1.000000 -101.000000 0.000000 0.000000
59 1499948060 2.000000 -1.000000 -101.000000 0.000000 0.000000
59 1499948061 2.000000 -1.000000 -101.000000 0.000000 0.000000
59 1499948062 2.000000 -1.000000 -101.000000 0.000000 0.000000
59 1499948063 2.000000 -1.000000 -101.000000 0.000000 0.000000
59 1499948064 2.000000 -1.000000 -101.000000 0.000000 0.000000
59 1499948065 1.600000 -1.000000 -101.000000 0.000000 0.000000
59 1499948066 1.600000 -1.000000 -101.000000 0.000000 0.000000
59 1499948067 1.600000 -1.000000 -101.000000 0.000000 0.000000
59 1499948068 1.600000 -1.000000 -101.000000 0.000000 0.000000
59 1499948069 1.600000 -1.000000 -101.000000 0.000000 0.000000
59 1499948070 2.200000 -1.000000 -101.000000 0.000000 0.000000
59 1499948071 2.200000 -1.000000 -101.000000 0.000000 0.000000
59 1499948072 2.200000 -1.000000 -101.000000 0.000000 0.000000
59 1499948073 2.200000 -1.000000 -101.000000 0.000000 0.000000
59 1499948074 2.200000 -1.000000 -101.000000 0.000000 0.000000
59 1499948075 1.800000 -1.000000 -101.000000 0.000000 0.000000
59 1499948076 1.800000 -1.000000 -101.000000 0.000000 0.000000
59 1499948077 1.800000 -1.000000 -101.000000 0.000000 0.000000
59 1499948078 1.800000 -1.000000 -101.000000 0.000000 0.000000
59 1499948079 1.800000 -1.000000 -101.000000 0.000000 0.000000
59 1499948080 1.200000 -1.000000 -101.000000 0.000000 0.000000
59 1499948081 1.200000 -1.000000 -101.000000 0.000000 0.000000
59 1499948082 1.200000 -1.000000 -101.000000 0.000000 0.000000
59 1499948083 1.200000 -1.000000 -101.000000 0.000000 0.000000
59 1499948084 1.200000 -1.000000 -101.000000 0.000000 0.000000
59 1499948085 2.600000 -1.000000 -101.000000 0.000000 0.000000
59 1499948086 2.600000 -1.000000 -101.000000 0.000000 0.000000
59 1499948087 2.600000 -1.000000 -101.000000 0.000000 0.000000
59 1499948088 2.600000 -1.000000 -101.000000 0.000000 0.000000
59 1499948089 2.600000 -1.000000 -101.000000 0.000000 0.000000
59 1499948090 0.800000 -1.000000 -101.000000 0.000000 0.000000
59 1499948091 0.800000 -1.000000 -101.000000 0.000000 0.000000
59 1499948092 0.800000 -1.000000 -101.000000 0.000000 0.000000
59 1499948093 0.800000 -1.000000 -101.000000 0.000000 0.000000
59 1499948094 0.800000 -1.000000 -101.000000 0.000000 0.000000
59 1499948095 2.600000 -1.000000 -101.000000 0.000000 0.000000
59 1499948096 2.600000 -1.000000 -101.000000 0.000000 0.000000
59 1499948097 2.600000 -1.000000 -101.000000 0.000000 0.000000
59 1499948098 2.600000 -1.000000 -101.000000 0.000000 0.000000
59 1499948099 2.600000 -1.000000 -101.000000 0.000000 0.000000
59 1499948100 1.400000 -1.000000 -101.000000 0.000000 0.000000
59 1499948101 1.400000 -1.000000 -101.000000 0.000000 0.000000
59 1499948102 1.400000 -1.000000 -101.000000 0.000000 0.000000
59 1499948103 1.400000 -1.000000 -101.000000 0.000000 0.000000
59 1499948104 1.400000 -1.000000 -101.000000 0.000000 0.000000
59 1499948105 1.800000 -1.000000 -101.000000 0.000000 0.000000
59 1499948106 1.800000 -1.000000 -101.000000 0.000000 0.000000
59 1499948107 1.800000 -1.000000 -101.000000 0.000000 0.000000
59 1499948108 1.800000 -1.000000 -101.000000 0.000000 0.000000
59 1499948109 1.800000 -1.000000 -101.000000 0.000000 0.000000
59 1499948110 1.200000 -1.000000 -101.000000 0.000000 0.000000
59 1499948111 1.200000 -1.000000 -101.000000 0.000000 0.000000
59 1499948112 1.200000 -1.000000 -101.000000 0.000000 0.000000
59 1499948113 1.200000 -1.000000 -101.000000 0.000000 0.000000
59 1499948114 1.200000 -1.000000 -101.000000 0.000000 0.000000
59 1499948115 1.800000 -1.000000 -101.000000 0.000000 0.000000
59 1499948116 1.800000 -1.000000 -101.000000 0.000000 0.000000
59 1499948117 1.800000 -1.000000 -101.000000 0.000000 0.000000
59 1499948118 1.800000 -1.000000 -101.000000 0.000000 0.000000
59 1499948119 1.800000 -1.000000 -101.000000 0.000000 0.000000
59 1499948120 1.000000 -1.000000 -101.000000 0.000000 0.000000
59 1499948121 1.000000 -1.000000 -101.000000 0.000000 0.000000
59 1499948122 1.000000 -1.000000 -101.000000 0.000000 0.000000
59 1499948123 1.000000 -1.000000 -101.000000 0.000000 0.000000
59 1499948124 1.000000 -1.000000 -101.000000 0.000000 0.000000
59 1499948125 2.200000 -1.000000 -101.000000 0.000000 0.000000
59 1499948126 2.200000 -1.000000 -101.000000 0.000000 0.000000
59 1499948127 2.200000 -1.000000 -101.000000 0.000000 0.000000
59 1499948128 2.200000 -1.000000 -101.000000 0.000000 0.000000
59 1499948129 2.200000 -1.000000 -101.000000 0.000000 0.000000
59 1499948130 1.200000 -1.000000 -101.000000 0.000000 0.000000
59 1499948131 1.200000 -1.000000 -101.000000 0.000000 0.000000
59 1499948132 1.200000 -1.000000 -101.000000 0.000000 0.000000
59 1499948133 1.200000 -1.000000 -101.000000 0.000000 0.000000
59 1499948134 1.200000 -1.000000 -101.000000 0.000000 0.000000
59 1499948135 1.800000 -1.000000 -101.000000 0.000000 0.000000
59 1499948136 1.800000 -1.000000 -101.000000 0.000000 0.000000
59 1499948137 1.800000 -1.000000 -101.000000 0.000000 0.000000
59 1499948138 1.800000 -1.000000 -101.000000 0.000000 0.000000
59 1499948139 1.800000 -1.000000 -101.000000 0.000000 0.000000
59 1499948140 4.400000 -1.000000 -101.000000 0.000000 0.000000
59 1499948141 4.400000 -1.000000 -101.000000 0.000000 0.000000
59 1499948142 4.400000 -1.000000 -101.000000 0.000000 0.000000
59 1499948143 4.400000 -1.000000 -101.000000 0.000000 0.000000
59 1499948144 4.400000 -1.000000 -101.000000 0.000000 0.000000
59 1499948145 1.600000 -1.000000 -101.000000 0.000000 0.000000
59 1499948146 1.600000 -1.000000 -101.000000 0.000000 0.000000
59 1499948147 1.600000 -1.000000 -101.000000 0.000000 0.000000
59 1499948148 1.600000 -1.000000 -101.000000 0.000000 0.000000
59 1499948149 1.600000 -1.000000 -101.000000 0.000000 0.000000
59 1499948150 1.400000 -1.000000 -101.000000 0.000000 0.000000
59 1499948151 1.400000 -1.000000 -101.000000 0.000000 0.000000
59 1499948152 1.400000 -1.000000 -101.000000 0.000000 0.000000
59 1499948153 1.400000 -1.000000 -101.000000 0.000000 0.000000
59 1499948154 1.400000 -1.000000 -101.000000 0.000000 0.000000
59 1499948155 1.000000 -1.000000 -101.000000 0.000000 0.000000
59 1499948156 1.000000 -1.000000 -101.000000 0.000000 0.000000
59 1499948157 1.000000 -1.000000 -101.000000 0.000000 0.000000
59 1499948158 1.000000 -1.000000 -101.000000 0.000000 0.000000
59 1499948159 1.000000 -1.000000 -101.000000 0.000000 0.000000
59 1499948160 1.200000 -1.000000 -101.000000 0.000000 0.000000
59 1499948161 1.200000 -1.000000 -101.000000 0.000000 0.000000
59 1499948162 1.200000 -1.000000 -101.000000 0.000000 0.000000
59 1499948163 1.200000 -1.000000 -101.000000 0.000000 0.000000
59 1499948164 1.200000 -1.000000 -101.000000 0.000000 0.000000
59 1499948165 2.600000 -1.000000 -101.000000 0.000000 0.000000
59 1499948166 2.600000 -1.000000 -101.000000 0.000000 0.000000
59 1499948167 2.600000 -1.000000 -101.000000 0.000000 0.000000
59 1499948168 2.600000 -1.000000 -101.000000 0.000000 0.000000
59 1499948169 2.600000 -1.000000 -101.000000 0.000000 0.000000
59 1499948170 1.600000 -1.000000 -101.000000 0.000000 0.000000
59 1499948171 1.600000 -1.000000 -101.000000 0.000000 0.000000
59 1499948172 1.600000 -1.000000 -101.000000 0.000000 0.000000
59 1499948173 1.600000 -1.000000 -101.000000 0.000000 0.000000
59 1499948174 1.600000 -1.000000 -101.000000 0.000000 0.000000
59 1499948175 1.200000 -1.000000 -101.000000 0.000000 0.000000
59 1499948176 1.200000 -1.000000 -101.000000 0.000000 0.000000
59 1499948177 1.200000 -1.000000 -101.000000 0.000000 0.000000
59 1499948178 1.200000 -1.000000 -101.000000 0.000000 0.000000
59 1499948179 1.200000 -1.000000 -101.000000 0.000000 0.000000
59 1499948180 1.600000 -1.000000 -101.000000 0.000000 0.000000
59 1499948181 1.600000 -1.000000 -101.000000 0.000000 0.000000
59 1499948182 1.600000 -1.000000 -101.000000 0.000000 0.000000
59 1499948183 1.600000 -1.000000 -101.000000 0.000000 0.000000
59 1499948184 1.600000 -1.000000 -101.000000 0.000000 0.000000
59 1499948185 1.200000 -1.000000 -101.000000 0.000000 0.000000
59 1499948186 1.200000 -1.000000 -101.000000 0.000000 0.000000
59 1499948187 1.200000 -1.000000 -101.000000 0.000000 0.000000
59 1499948188 1.200000 -1.000000 -101.000000 0.000000 0.000000
59 1499948189 1.200000 -1.000000 -101.000000 0.000000 0.000000
59 1499948190 2.400000 -1.000000 -101.000000 0.000000 0.000000
59 1499948191 2.400000 -1.000000 -101.000000 0.000000 0.000000
59 1499948192 2.400000 -1.000000 -101.000000 0.000000 0.000000
59 1499948193 2.400000 -1.000000 -101.000000 0.000000 0.000000
59 1499948194 2.400000 -1.000000 -101.000000 0.000000 0.000000
59 1499948195 2.000000 -1.000000 -101.000000 0.000000 0.000000
59 1499948196 2.000000 -1.000000 -101.000000 0.000000 0.000000
59 1499948197 2.000000 -1.000000 -101.000000 0.000000 0.000000
59 1499948198 2.000000 -1.000000 -101.000000 0.000000 0.000000
59 1499948199 2.000000 -1.000000 -101.000000 0.000000 0.000000
59 1499948200 1.400000 -1.000000 -101.000000 0.000000 0.000000
59 1499948201 1.400000 -1.000000 -101.000000 0.000000 0.000000
59 1499948202 1.400000 -1.000000 -101.000000 0.000000 0.000000
59 1499948203 1.400000 -1.000000 -101.000000 0.000000 0.000000
59 1499948204 1.400000 -1.000000 -101.000000 0.000000 0.000000
59 1499948205 1.200000 -1.000000 -101.000000 0.000000 0.000000
59 1499948206 1.200000 -1.000000 -101.000000 0.000000 0.000000
59 1499948207 1.200000 -1.000000 -101.000000 0.000000 0.000000
59 1499948208 1.200000 -1.000000 -101.000000 0.000000 0.000000
59 1499948209 1.200000 -1.000000 -101.000000 0.000000 0.000000
59 1499948210 1.000000 -1.000000 -101.000000 0.000000 0.000000
59 1499948211 1.000000 -1.000000 -101.000000 0.000000 0.000000
59 1499948212 1.000000 -1.000000 -101.000000 0.000000 0.000000
59 1499948213 1.000000 -1.000000 -101.000000 0.000000 0.000000
59 1499948214 1.000000 -1.000000 -101.000000 0.000000 0.000000
59 1499948215 0.600000 -1.000000 -101.000000 0.000000 0.000000
59 1499948216 0.600000 -1.000000 -101.000000 0.000000 0.000000
59 1499948217 0.600000 -1.000000 -101.000000 0.000000 0.000000
59 1499948218 0.600000 -1.000000 -101.000000 0.000000 0.000000
59 1499948219 0.600000 -1.000000 -101.000000 0.000000 0.000000
59 1499948220 4.000000 -1.000000 -101.000000 0.000000 0.000000
59 1499948221 4.000000 -1.000000 -101.000000 0.000000 0.000000
59 1499948222 4.000000 -1.000000 -101.000000 0.000000 0.000000
59 1499948223 4.000000 -1.000000 -101.000000 0.000000 0.000000
59 1499948224 4.000000 -1.000000 -101.000000 0.000000 0.000000
59 1499948225 1.400000 -1.000000 -101.000000 0.000000 0.000000
59 1499948226 1.400000 -1.000000 -101.000000 0.000000 0.000000
59 1499948227 1.400000 -1.000000 -101.000000 0.000000 0.000000
59 1499948228 1.400000 -1.000000 -101.000000 0.000000 0.000000
59 1499948229 1.400000 -1.000000 -101.000000 0.000000 0.000000
59 1499948230 1.600000 -1.000000 -101.000000 0.000000 0.000000
59 1499948231 1.600000 -1.000000 -101.000000 0.000000 0.000000
59 1499948232 1.600000 -1.000000 -101.000000 0.000000 0.000000
59 1499948233 1.600000 -1.000000 -101.000000 0.000000 0.000000
59 1499948234 1.600000 -1.000000 -101.000000 0.000000 0.000000
59 1499948235 0.600000 -1.000000 -101.000000 0.000000 0.000000
59 1499948236 0.600000 -1.000000 -101.000000 0.000000 0.000000
59 1499948237 0.600000 -1.000000 -101.000000 0.000000 0.000000
59 1499948238 0.600000 -1.000000 -101.000000 0.000000 0.000000
59 1499948239 0.600000 -1.000000 -101.000000 0.000000 0.000000
59 1499948240 0.800000 -1.000000 -101.000000 0.000000 0.000000
59 1499948241 0.800000 -1.000000 -101.000000 0.000000 0.000000
59 1499948242 0.800000 -1.000000 -101.000000 0.000000 0.000000
59 1499948243 0.800000 -1.000000 -101.000000 0.000000 0.000000
59 1499948244 0.800000 -1.000000 -101.000000 0.000000 0.000000
59 1499948245 2.200000 -1.000000 -101.000000 0.000000 0.000000
59 1499948246 2.200000 -1.000000 -101.000000 0.000000 0.000000
59 1499948247 2.200000 -1.000000 -101.000000 0.000000 0.000000
59 1499948248 2.200000 -1.000000 -101.000000 0.000000 0.000000
59 1499948249 2.200000 -1.000000 -101.000000 0.000000 0.000000
59 1499948250 0.400000 -1.000000 -101.000000 0.000000 0.000000
59 1499948251 0.400000 -1.000000 -101.000000 0.000000 0.000000
59 1499948252 0.400000 -1.000000 -101.000000 0.000000 0.000000
59 1499948253 0.400000 -1.000000 -101.000000 0.000000 0.000000
59 1499948254 0.400000 -1.000000 -101.000000 0.000000 0.000000
59 1499948255 1.800000 -1.000000 -101.000000 0.000000 0.000000
59 1499948256 1.800000 -1.000000 -101.000000 0.000000 0.000000
59 1499948257 1.800000 -1.000000 -101.000000 0.000000 0.000000
59 1499948258 1.800000 -1.000000 -101.000000 0.000000 0.000000
59 1499948259 1.800000 -1.000000 -101.000000 0.000000 0.000000
59 1499948260 0.600000 -1.000000 -101.000000 0.000000 0.000000
59 1499948261 0.600000 -1.000000 -101.000000 0.000000 0.000000
59 1499948262 0.600000 -1.000000 -101.000000 0.000000 0.000000
59 1499948263 0.600000 -1.000000 -101.000000 0.000000 0.000000
59 1499948264 0.600000 -1.000000 -101.000000 0.000000 0.000000
59 1499948265 1.200000 -1.000000 -101.000000 0.000000 0.000000
59 1499948266 1.200000 -1.000000 -101.000000 0.000000 0.000000
59 1499948267 1.200000 -1.000000 -101.000000 0.000000 0.000000
59 1499948268 1.200000 -1.000000 -101.000000 0.000000 0.000000
59 1499948269 1.200000 -1.000000 -101.000000 0.000000 0.000000
59 1499948270 1.400000 -1.000000 -101.000000 0.000000 0.000000
59 1499948271 1.400000 -1.000000 -101.000000 0.000000 0.000000
59 1499948272 1.400000 -1.000000 -101.000000 0.000000 0.000000
59 1499948273 1.400000 -1.000000 -101.000000 0.000000 0.000000
59 1499948274 1.400000 -1.000000 -101.000000 0.000000 0.000000
59 1499948275 1.200000 -1.000000 -101.000000 0.000000 0.000000
59 1499948276 1.200000 -1.000000 -101.000000 0.000000 0.000000
59 1499948277 1.200000 -1.000000 -101.000000 0.000000 0.000000
59 1499948278 1.200000 -1.000000 -101.000000 0.000000 0.000000
59 1499948279 1.200000 -1.000000 -101.000000 0.000000 0.000000
59 1499948280 1.600000 -1.000000 -101.000000 0.000000 0.000000
59 1499948281 1.600000 -1.000000 -101.000000 0.000000 0.000000
59 1499948282 1.600000 -1.000000 -101.000000 0.000000 0.000000
59 1499948283 1.600000 -1.000000 -101.000000 0.000000 0.000000
59 1499948284 1.600000 -1.000000 -101.000000 0.000000 0.000000
59 1499948285 2.600000 -1.000000 -101.000000 0.000000 0.000000
59 1499948286 2.600000 -1.000000 -101.000000 0.000000 0.000000
59 1499948287 2.600000 -1.000000 -101.000000 0.000000 0.000000
59 1499948288 2.600000 -1.000000 -101.000000 0.000000 0.000000
59 1499948289 2.600000 -1.000000 -101.000000 0.000000 0.000000
59 1499948290 0.400000 -1.000000 -101.000000 0.000000 0.000000
59 1499948291 0.400000 -1.000000 -101.000000 0.000000 0.000000
59 1499948292 0.400000 -1.000000 -101.000000 0.000000 0.000000
59 1499948293 0.400000 -1.000000 -101.000000 0.000000 0.000000
59 1499948294 0.400000 -1.000000 -101.000000 0.000000 0.000000
59 1499948295 1.000000 -1.000000 -101.000000 0.000000 0.000000
59 1499948296 1.000000 -1.000000 -101.000000 0.000000 0.000000
59 1499948297 1.000000 -1.000000 -101.000000 0.000000 0.000000
59 1499948298 1.000000 -1.000000 -101.000000 0.000000 0.000000
59 1499948299 1.000000 -1.000000 -101.000000 0.000000 0.000000
59 1499948300 0.800000 -1.000000 -101.000000 0.000000 0.000000
59 1499948301 0.800000 -1.000000 -101.000000 0.000000 0.000000
59 1499948302 0.800000 -1.000000 -101.000000 0.000000 0.000000
59 1499948303 0.800000 -1.000000 -101.000000 0.000000 0.000000
59 1499948304 0.800000 -1.000000 -101.000000 0.000000 0.000000
59 1499948305 1.200000 -1.000000 -101.000000 0.000000 0.000000
59 1499948306 1.200000 -1.000000 -101.000000 0.000000 0.000000
59 1499948307 1.200000 -1.000000 -101.000000 0.000000 0.000000
59 1499948308 1.200000 -1.000000 -101.000000 0.000000 0.000000
59 1499948309 1.200000 -1.000000 -101.000000 0.000000 0.000000
59 1499948315 1.000000 -1.000000 -101.000000 0.000000 0.000000
59 1499948316 1.000000 -1.000000 -101.000000 0.000000 0.000000
59 1499948317 1.000000 -1.000000 -101.000000 0.000000 0.000000
59 1499948318 1.000000 -1.000000 -101.000000 0.000000 0.000000
59 1499948319 1.000000 -1.000000 -101.000000 0.000000 0.000000
59 1499948320 1.000000 -1.000000 -101.000000 0.000000 0.000000
59 1499948321 1.000000 -1.000000 -101.000000 0.000000 0.000000
59 1499948322 1.000000 -1.000000 -101.000000 0.000000 0.000000
59 1499948323 1.000000 -1.000000 -101.000000 0.000000 0.000000
59 1499948324 1.000000 -1.000000 -101.000000 0.000000 0.000000
59 1499948325 1.000000 -1.000000 -101.000000 0.000000 0.000000
59 1499948326 1.000000 -1.000000 -101.000000 0.000000 0.000000
59 1499948327 1.000000 -1.000000 -101.000000 0.000000 0.000000
59 1499948328 1.000000 -1.000000 -101.000000 0.000000 0.000000
59 1499948329 1.000000 -1.000000 -101.000000 0.000000 0.000000
59 1499948330 1.200000 -1.000000 -101.000000 0.000000 0.000000
59 1499948331 1.200000 -1.000000 -101.000000 0.000000 0.000000
59 1499948332 1.200000 -1.000000 -101.000000 0.000000 0.000000
59 1499948333 1.200000 -1.000000 -101.000000 0.000000 0.000000
59 1499948334 1.200000 -1.000000 -101.000000 0.000000 0.000000
59 1499948335 1.600000 -1.000000 -101.000000 0.000000 0.000000
59 1499948336 1.600000 -1.000000 -101.000000 0.000000 0.000000
59 1499948337 1.600000 -1.000000 -101.000000 0.000000 0.000000
59 1499948338 1.600000 -1.000000 -101.000000 0.000000 0.000000
59 1499948339 1.600000 -1.000000 -101.000000 0.000000 0.000000
59 1499948340 1.000000 -1.000000 -101.000000 0.000000 0.000000
59 1499948341 1.000000 -1.000000 -101.000000 0.000000 0.000000
59 1499948342 1.000000 -1.000000 -101.000000 0.000000 0.000000
59 1499948343 1.000000 -1.000000 -101.000000 0.000000 0.000000
59 1499948344 1.000000 -1.000000 -101.000000 0.000000 0.000000
59 1499948345 0.600000 -1.000000 -101.000000 0.000000 0.000000
59 1499948346 0.600000 -1.000000 -101.000000 0.000000 0.000000
59 1499948347 0.600000 -1.000000 -101.000000 0.000000 0.000000
59 1499948348 0.600000 -1.000000 -101.000000 0.000000 0.000000
59 1499948349 0.600000 -1.000000 -101.000000 0.000000 0.000000
59 1499948350 0.800000 -1.000000 -101.000000 0.000000 0.000000
59 1499948351 0.800000 -1.000000 -101.000000 0.000000 0.000000
59 1499948414 0.800000 -1.000000 0.800000 0.800000 0.000000
59 1499948413 0.800000 -1.000000 0.800000 0.800000 0.000000
59 1499948412 0.800000 -1.000000 0.800000 0.800000 0.000000
59 1499948411 0.800000 -1.000000 0.800000 0.800000 0.000000
59 1499948410 0.800000 -1.000000 0.800000 0.800000 0.000000
59 1499948409 0.200000 -1.000000 0.200000 0.200000 0.000000
59 1499948408 0.200000 -1.000000 0.200000 0.200000 0.000000
59 1499948407 0.200000 -1.000000 0.200000 0.200000 0.000000
59 1499948406 0.200000 -1.000000 0.200000 0.200000 0.000000
59 1499948405 0.200000 -1.000000 0.200000 0.200000 0.000000
59 1499948404 0.800000 -1.000000 0.800000 0.800000 0.000000
59 1499948403 0.800000 -1.000000 0.800000 0.800000 0.000000
59 1499948402 0.800000 -1.000000 0.800000 0.800000 0.000000
59 1499948401 0.800000 -1.000000 0.800000 0.800000 0.000000
59 1499948400 0.800000 -1.000000 0.800000 0.800000 0.000000
59 1499948399 0.200000 -1.000000 0.200000 0.200000 0.000000
59 1499948398 0.200000 -1.000000 0.200000 0.200000 0.000000
59 1499948397 0.200000 -1.000000 0.200000 0.200000 0.000000
59 1499948396 0.200000 -1.000000 0.200000 0.200000 0.000000
59 1499948395 0.200000 -1.000000 0.200000 0.200000 0.000000
59 1499948394 0.400000 -1.000000 0.400000 0.400000 0.000000
59 1499948393 0.400000 -1.000000 0.400000 0.400000 0.000000
59 1499948392 0.400000 -1.000000 0.400000 0.400000 0.000000
59 1499948391 0.400000 -1.000000 0.400000 0.400000 0.000000
59 1499948390 0.400000 -1.000000 0.400000 0.400000 0.000000
59 1499948389 0.600000 -1.000000 0.600000 0.600000 0.000000
59 1499948388 0.600000 -1.000000 0.600000 0.600000 0.000000
59 1499948387 0.600000 -1.000000 0.600000 0.600000 0.000000
59 1499948386 0.600000 -1.000000 0.600000 0.600000 0.000000
59 1499948385 0.600000 -1.000000 0.600000 0.600000 0.000000
59 1499948384 0.800000 -1.000000 0.800000 0.800000 0.000000
59 1499948383 0.800000 -1.000000 0.800000 0.800000 0.000000
59 1499948382 0.800000 -1.000000 0.800000 0.800000 0.000000
59 1499948381 0.800000 -1.000000 0.800000 0.800000 0.000000
59 1499948380 0.800000 -1.000000 0.800000 0.800000 0.000000
59 1499948379 0.600000 -1.000000 0.600000 0.600000 0.000000
59 1499948378 0.600000 -1.000000 0.600000 0.600000 0.000000
59 1499948377 0.600000 -1.000000 0.600000 0.600000 0.000000
59 1499948376 0.600000 -1.000000 0.600000 0.600000 0.000000
59 1499948375 0.600000 -1.000000 0.600000 0.600000 0.000000
59 1499948374 0.800000 -1.000000 0.800000 0.800000 0.000000
59 1499948373 0.800000 -1.000000 0.800000 0.800000 0.000000
59 1499948372 0.800000 -1.000000 0.800000 0.800000 0.000000
59 1499948371 0.800000 -1.000000 0.800000 0.800000 0.000000
59 1499948370 0.800000 -1.000000 0.800000 0.800000 0.000000
59 1499948369 0.200000 -1.000000 0.200000 0.200000 0.000000
59 1499948368 0.200000 -1.000000 0.200000 0.200000 0.000000
59 1499948367 0.200000 -1.000000 0.200000 0.200000 0.000000
59 1499948366 0.200000 -1.000000 0.200000 0.200000 0.000000
59 1499948365 0.200000 -1.000000 0.200000 0.200000 0.000000
59 1499948364 0.600000 -1.000000 0.600000 0.600000 0.000000
59 1499948363 0.600000 -1.000000 0.600000 0.600000 0.000000
59 1499948362 0.600000 -1.000000 0.600000 0.600000 0.000000
59 1499948361 0.600000 -1.000000 0.600000 0.600000 0.000000
59 1499948360 0.600000 -1.000000 0.600000 0.600000 0.000000
59 1499948359 0.200000 -1.000000 0.200000 0.200000 0.000000
59 1499948358 0.200000 -1.000000 0.200000 0.200000 0.000000
59 1499948357 0.200000 -1.000000 0.200000 0.200000 0.000000
59 1499948356 0.200000 -1.000000 0.200000 0.200000 0.000000
59 1499948355 0.200000 -1.000000 0.200000 0.200000 0.000000
59 1499948354 0.800000 -1.000000 0.800000 0.800000 0.000000
59 1499948353 0.800000 -1.000000 0.800000 0.800000 0.000000
59 1499948352 0.800000 -1.000000 0.800000 0.800000 0.000000
